6.123224091943397585e-04
4.508480132345819456e-04
-5.083782205099119560e-04
3.314018366123975168e-04
-2.530352188067785013e-04
-7.201859180767906194e-05
3.017752147464924017e-04
-5.360615364754392704e-04
1.240442939523743438e-04
2.312586847284667441e-04
-3.028258408885370258e-04
9.554340134064897780e-03
3.769983666445192406e-04
1.158007741401590634e-04
1.008165004077712923e-02
2.682114099505861432e-04
-9.551192394555247864e-03
-3.143495277999134294e-04
2.743944363344529057e-04
1.953730038271142045e-04
3.669273094109477829e-04
-9.916600165484606294e-03
1.952647394902441919e-04
2.547153685465638486e-04
3.466097091585714938e-04
-6.240963246788550729e-04
1.035890892189610633e-04
-1.846624981353530838e-05
-6.681133475081670091e-04
4.170375422733978285e-04
-5.046060829659011846e-04
2.161362710691626323e-04
