9.702766444531748039e-04
5.033323326922959111e-04
4.182338492947339378e-04
2.623992269126086230e-04
4.264329992201615544e-04
9.712648422512769721e-04
2.620240619473335718e-04
4.181631235641717942e-04
2.961081036293068550e-04
3.747659403980663781e-04
4.666181160505955355e-04
1.706957274147097975e-04
3.744787843478804019e-04
2.961202860149079151e-04
1.712013659737830740e-04
4.652304943339431536e-04
1.718214203458538075e-04
4.634147340415421682e-04
3.744795814589201737e-04
4.002970161517584039e-04
4.610665455261756039e-04
1.718680639303506120e-04
3.997660340581832153e-04
3.745501115149879687e-04
2.617586884614126722e-04
4.968615452402215960e-04
4.954019270038375385e-04
9.612396050667999575e-04
4.958483379819380232e-04
2.613944317705002920e-04
9.740037979836965688e-04
4.348677127223256789e-04
