2.081645061064313622e-04
1.767322173000765071e-04
6.198666014122647741e-04
1.103081338257148208e-04
-2.673292969044675522e-04
1.576513163141494761e-03
2.043951243199447032e-04
6.609585158205953399e-04
-1.737074408846506148e-04
2.926816892698258250e-04
2.511437531698228458e-04
9.522506745910121889e-03
3.098338520370301497e-04
-1.159223590582367756e-04
1.000975805642504400e-02
-1.904597015088785750e-04
-9.724132867190742741e-03
5.504966981415482978e-04
2.440885040320786591e-04
-5.550297867722574392e-04
-5.371038114792684760e-04
-1.012369858473160557e-02
-5.633644107530398799e-04
2.471086159487130476e-04
1.699021250905221562e-04
1.071637573789887795e-04
-1.316428976612415199e-04
-1.233562772826169492e-03
3.945681066940477693e-05
1.692367625975508259e-04
-5.377719588835028035e-04
-3.019894657920632570e-05
