9.698463314096798793e-02
5.074618246796400861e-02
4.284057745976302400e-02
2.630147146012499701e-02
4.225579268700551533e-02
9.618190541951004979e-02
2.635461883773946787e-02
4.270673595922554189e-02
2.968459101727886559e-02
3.809836878241650709e-02
4.703238675414123798e-02
1.710523179916432351e-02
3.806015874887720696e-02
2.969707352179635357e-02
1.682720073874488867e-02
4.690227602342658675e-02
1.696656986389909541e-02
4.610974938426182224e-02
3.803728521624507447e-02
3.924816696453495984e-02
4.603314955322387880e-02
1.704720366491610864e-02
3.917097218441281670e-02
3.810184501631961457e-02
2.631475075409572817e-02
5.017514778515344553e-02
4.985380742908068763e-02
9.730851302516081713e-02
5.015920302201822695e-02
2.615811381794411195e-02
9.635245881574945603e-02
4.324910891810020835e-02
