7.112019143111319693e-04
-3.512721813811963789e-04
-7.196706262454633364e-05
-4.086453209414146813e-04
-5.298489974982805622e-04
2.690452994726783009e-04
-3.369503334159894563e-04
-8.391662966790013750e-05
1.938423080607203845e-04
8.663077860223471704e-05
-5.521181041129182530e-04
9.868646416066294280e-03
1.136697720951744826e-04
1.688613859290910070e-04
1.004361417460043066e-02
6.045252334021822011e-04
-9.426957216179044849e-03
-4.751606258560411161e-04
5.123924741881205012e-05
4.023895943956658922e-04
5.112331191797159441e-04
-1.010198835562532878e-02
4.212735470553608127e-04
6.495994645677382001e-05
-2.642032312293778940e-04
-7.655417932874446663e-05
-7.834044628266639528e-04
-2.240351500465251778e-04
-7.754576199130908435e-05
-3.423781305269792607e-04
-6.957814364759823357e-04
-6.560829956180831463e-05
