2.835822141440940010e-04
8.408687388183520243e-05
-5.758846392460233204e-05
9.579951115042142332e-05
-3.709787658529853024e-04
-7.788090561404363652e-04
9.792195642927528285e-05
-7.000153706888545427e-05
1.637637975563571767e-04
2.331177971027471949e-04
-2.507238886320125432e-04
9.438934584908263703e-03
2.836616722179900870e-04
2.037581845856823066e-04
9.969014895726165115e-03
2.689884471351923229e-04
-9.504373376356012315e-03
-4.437846796586700205e-04
2.298450695150838535e-04
-1.579349332537864344e-04
4.157096228454015569e-04
-9.968028503174361857e-03
-1.711686947035876772e-04
2.521365699527232276e-04
7.986786954309322271e-05
-3.098025720680240005e-04
-2.103322123588554943e-04
3.030734368915483667e-05
-3.320159335172927760e-04
1.432143261121418629e-04
5.092248530421586818e-04
-7.191896996973576859e-05
