9.735515724729025414e-04
5.147215867393382070e-04
4.267925092526878190e-04
2.696432003175451781e-04
4.260026081034713101e-04
9.643130824152327954e-04
2.685141022123451664e-04
4.262032129061379764e-04
3.121585582147217764e-04
3.675120633686230803e-04
4.676548327033704143e-04
1.649456522786943826e-04
3.672638775375124337e-04
3.120270283344649684e-04
1.640442586996322086e-04
4.657293812758349187e-04
1.652773272501879094e-04
4.640429905161737073e-04
3.671010795816743067e-04
3.954970131594067492e-04
4.618818936813333408e-04
1.643547328516121238e-04
3.955791753597101123e-04
3.670998657957255489e-04
2.692538150366453301e-04
4.831556948900921143e-04
5.008129780280632694e-04
9.761428062275925464e-04
4.825856745195081753e-04
2.681231463983490583e-04
9.644163000199863431e-04
4.414342496421583338e-04
