9.795981764210560938e-02
5.253921990354386978e-02
4.256516965931086277e-02
2.671166295511961594e-02
4.331929047107489078e-02
9.855709750843708039e-02
2.675670780733487714e-02
4.252405174378120351e-02
3.154762382591095454e-02
3.682247673971798807e-02
4.589777780911800248e-02
1.632697903836118070e-02
3.675153542992825456e-02
3.150352415246496229e-02
1.619122294889108193e-02
4.588902315194963444e-02
1.634965002291721009e-02
4.626712274050769763e-02
3.677532743004206794e-02
3.994385346316894903e-02
4.630328828674665914e-02
1.642582609947264988e-02
3.975975335641285247e-02
3.675496147468972075e-02
2.676718629996345522e-02
4.866077544749396883e-02
5.116589894955391599e-02
9.833735696482652500e-02
4.864378158841727723e-02
2.675786354343690290e-02
9.820264165759065578e-02
4.485600062138899585e-02
