9.634931044174648539e-04
5.116308006049165693e-04
4.216845827991671852e-04
2.653745015400345167e-04
4.285242800024961296e-04
9.559498152435211196e-04
2.646491026802973092e-04
4.214450913946484151e-04
2.975423689392682198e-04
3.757748618809025822e-04
4.642150938847379557e-04
1.722001431511722698e-04
3.756458288872896695e-04
2.968402906593500335e-04
1.703312442073174466e-04
4.632264084730446812e-04
1.731214706020533774e-04
4.706929975984894244e-04
3.751485110185355997e-04
3.968913913651565015e-04
4.689502176397125003e-04
1.713916663813054011e-04
3.968766417711041953e-04
3.746055302694501171e-04
2.642723738297507582e-04
4.995391993555376277e-04
5.003124959410603983e-04
9.647157267742116626e-04
4.991255542894689270e-04
2.632989541336625667e-04
9.581929882794503178e-04
4.402788525612539639e-04
