9.672831640300337932e-04
5.155605734774115854e-04
4.266385535753494229e-04
2.619781671300176209e-04
4.327684166092679043e-04
9.689780489533329289e-04
2.606613940446105568e-04
4.261238509983062057e-04
2.975426078393705572e-04
3.784301821782152966e-04
4.693772949334461980e-04
1.698220886665965544e-04
3.785598257038371643e-04
2.971508883796676126e-04
1.698987588886272917e-04
4.693947021361312313e-04
1.704922626291177060e-04
4.675266956352701537e-04
3.771621919984663386e-04
3.917428949979970374e-04
4.667234586433093631e-04
1.706453741728055902e-04
3.922117868951186751e-04
3.775575711513361773e-04
2.595578275342209397e-04
4.921236847517022981e-04
5.050236060293709526e-04
9.682368087324615645e-04
4.908999463848872768e-04
2.583193066579889509e-04
9.635169525182385279e-04
4.463797424609874964e-04
