9.824922942459500454e-04
5.262418319098504608e-04
3.986527921395417230e-04
2.931206772671845128e-04
4.271724239743967914e-04
9.922982661297386538e-04
2.930001513111676090e-04
3.983263115148214873e-04
3.393953773817473107e-04
3.429193549587265973e-04
4.580014317341179466e-04
1.569755711683328795e-04
3.422276092232135044e-04
3.392086061441968153e-04
1.552968035184403679e-04
4.583448286906847730e-04
1.557429372930728818e-04
4.567690295014174124e-04
3.421120008717349692e-04
4.143035712867681433e-04
4.560768243651990169e-04
1.564899443477832657e-04
4.139995479085877136e-04
3.417569567015868470e-04
2.918992612474141418e-04
4.663273668826933838e-04
5.134535644483842779e-04
9.924725912651339611e-04
4.659677904025637317e-04
2.915311477690171130e-04
9.816024531993055961e-04
4.431482690086673720e-04
