-3.940331455806634232e-04
4.900484519637315038e-04
4.416380048302993573e-04
2.852861334285387721e-04
-6.069499547108747747e-04
4.352316489337952708e-04
1.955509771264917081e-04
4.047679949062684226e-04
-1.706065700552548579e-04
3.809659603490800264e-04
2.496969706011515776e-04
9.339759402970351093e-03
3.662546185128745914e-04
-1.935741684282071319e-04
1.032372876164548703e-02
-2.498542780903321037e-04
-9.925516116872132311e-03
1.615407680458842178e-04
2.970703730039892139e-04
-6.111706350474527391e-04
-1.645861014133259378e-04
-9.679809486666265603e-03
-6.408220769673355927e-04
3.818200264146480840e-04
3.871715516285483515e-04
-1.982114601496358733e-04
-5.054256412650593199e-06
3.085909094174725596e-04
-1.775893869196849275e-04
3.739944381650713349e-04
-2.931654676158222195e-04
-1.826488218539193821e-04
