9.852845189793977675e-04
5.189620466275851303e-04
4.275251254851134539e-04
2.633708781458524422e-04
4.313278001563335107e-04
9.693769377534954988e-04
2.635599597142892830e-04
4.271262910907541515e-04
3.026980920512202782e-04
3.777102504324577714e-04
4.655016693312252654e-04
1.671027949444807122e-04
3.773227892372477978e-04
3.031280424945617994e-04
1.673957137164549473e-04
4.641940613019137621e-04
1.678051029042575268e-04
4.589069981265312694e-04
3.768590101841159251e-04
3.912189308239095759e-04
4.591994199393356711e-04
1.666457203202060036e-04
3.895440640551215816e-04
3.768455406426053384e-04
2.623857220375509672e-04
4.944309117108650281e-04
5.058513600419995565e-04
9.828213852331327618e-04
4.936165233958234250e-04
2.616634428262609897e-04
9.741170587276329297e-04
4.459343253436002488e-04
