9.838268082084762004e-04
5.254234015952750610e-04
4.023945775435648761e-04
2.901208609473319750e-04
4.275835279263932908e-04
9.806103343400500352e-04
2.902934675582497198e-04
4.024059301553906381e-04
3.404672265285159480e-04
3.455708836881411761e-04
4.580680912685881792e-04
1.536800576124011295e-04
3.453978747840976446e-04
3.408920916810225573e-04
1.556817893606598059e-04
4.575526150725500881e-04
1.571549050858063034e-04
4.588232030364844567e-04
3.457932964599007915e-04
4.166452805177177170e-04
4.583152195910046058e-04
1.569796330550725719e-04
4.156489434100181448e-04
3.456007982310492369e-04
2.906318894001691977e-04
4.630971329843658574e-04
5.089254574577986622e-04
9.877657933014503955e-04
4.618035311101703795e-04
2.894960340229009053e-04
9.762046956788437892e-04
4.449170207058923189e-04
