9.781536024139934893e-02
5.244385680492195251e-02
3.992574666073955142e-02
2.911234594870432471e-02
4.296037858285859518e-02
9.853668096211132266e-02
2.906875107875318137e-02
3.986451331357442063e-02
3.457048071134918160e-02
3.432509904454950078e-02
4.625464131916411092e-02
1.556637619123550989e-02
3.434361767149627515e-02
3.448583518078245785e-02
1.534258149502694402e-02
4.618081493956890243e-02
1.537001295337524394e-02
4.521604080415785737e-02
3.437372457211334414e-02
4.144389707680329327e-02
4.509130990931588950e-02
1.573120397902243867e-02
4.142410481632568392e-02
3.436266358020470535e-02
2.905574282752251478e-02
4.678565085175821758e-02
5.107761015825173362e-02
9.833141770451704622e-02
4.669585561761000619e-02
2.900638505406432505e-02
9.758777668884849321e-02
4.457086451043242720e-02
