9.682094084205106676e-04
5.239119384066221081e-04
3.983770298120557080e-04
2.951838607979702530e-04
4.242667874227327236e-04
9.795065843193383540e-04
2.935675466953980477e-04
3.975357050858783223e-04
3.406302785008098939e-04
3.499838484599931813e-04
4.525662618714854915e-04
1.560410004702603788e-04
3.495012152182497430e-04
3.396855066922526605e-04
1.584943855093470376e-04
4.520160358132106499e-04
1.576258483405253738e-04
4.623400946408144402e-04
3.488703626371277770e-04
4.122232810492416325e-04
4.618742774446231870e-04
1.562208886103756494e-04
4.123150246926069124e-04
3.491776246085839786e-04
2.929768989785815395e-04
4.637366645197957098e-04
5.075505489456592781e-04
9.760720031675945794e-04
4.634687640464964014e-04
2.935219484538712518e-04
9.779928162399458696e-04
4.427942487118792601e-04
