9.703281588966042315e-02
5.043492612342716230e-02
4.271468814937884328e-02
2.661397419168580816e-02
4.246976619455161694e-02
9.654314506093661374e-02
2.655513156425935370e-02
4.270190168592063323e-02
2.979635924671050762e-02
3.818248962798546225e-02
4.650618861730915210e-02
1.697720899035585346e-02
3.824919891952106160e-02
2.965006217444179915e-02
1.684535768098904818e-02
4.639222564776306068e-02
1.722619525789465325e-02
4.667567770472356298e-02
3.821018311914777671e-02
4.007245798161990918e-02
4.648845839684494913e-02
1.699093694728883580e-02
4.008448800152845243e-02
3.811465620259612413e-02
2.652311037021573559e-02
4.992724013863308885e-02
4.957493958437961257e-02
9.667397588494172633e-02
4.986409174142351214e-02
2.652395987767168159e-02
9.742527923418312086e-02
4.330399684851420072e-02
