9.799740326224994080e-02
5.204231099194257804e-02
3.995383694235461747e-02
2.925974000540273665e-02
4.281890133778994134e-02
9.783324764593252787e-02
2.923172896172493082e-02
3.993483351900708328e-02
3.437710648704565830e-02
3.473307504224980302e-02
4.579117621518945941e-02
1.562226748018814317e-02
3.471468238511895427e-02
3.436898777594607490e-02
1.595408416954266495e-02
4.564253277478269588e-02
1.596641485213946832e-02
4.585922985814768621e-02
3.464808317701476015e-02
4.148031961593378475e-02
4.558433212272091500e-02
1.586602759722731404e-02
4.140808098198375115e-02
3.463484845832868336e-02
2.917776941506589755e-02
4.668157169053555738e-02
5.079645303361632336e-02
9.734252082946984186e-02
4.664590596576615594e-02
2.912789595088103103e-02
9.812731624079343296e-02
4.428907963971432521e-02
