9.632940535811458649e-02
5.119422887790512494e-02
4.306978663732258933e-02
2.630126924781137771e-02
4.289646155912231473e-02
9.659155671787118813e-02
2.618068433949611792e-02
4.312556766086183407e-02
3.062221656929352623e-02
3.773237740424268544e-02
4.636395297512407171e-02
1.683153889864213992e-02
3.771030220899217883e-02
3.050813887340102226e-02
1.669190362359700142e-02
4.622416914042813685e-02
1.668341423533995296e-02
4.657099138735412702e-02
3.773282536768423484e-02
3.928757302294798304e-02
4.650486969383897662e-02
1.684606048376311935e-02
3.929836042228474630e-02
3.761462019624441100e-02
2.612359735867656602e-02
4.965596660158595049e-02
5.019564784757562376e-02
9.725554430224123137e-02
4.962158682427195155e-02
2.610467985238210803e-02
9.585455034467615931e-02
4.418139285535534200e-02
