-5.387703932066783110e-04
-3.454064098095157285e-04
5.561151313255796808e-04
2.452241989513240521e-04
-8.481736271034350698e-04
-4.240050091056277409e-04
2.284909500346322107e-04
5.672497427914836247e-04
-3.922329880877338201e-04
-8.961531821777803043e-05
3.020627324743764769e-04
9.744104513015590038e-03
-2.444242759126868795e-05
-3.778178291584929145e-04
9.921611115076275217e-03
-3.753523706828197463e-04
-9.519819446379978664e-03
1.776917362529975911e-04
-9.815089643443902258e-05
-2.431992231160388690e-04
-1.841277717928790848e-04
-1.017695987386739789e-02
-3.036142209058765554e-04
-9.048746734913160582e-05
1.598677056377848090e-04
7.426547240547024063e-04
-7.561248948654933919e-04
2.521811315286323087e-04
7.668827639978801312e-04
2.368923080175582311e-04
7.056382900440314040e-04
-4.067213461949414455e-04
