9.703834051065516123e-04
5.141310036345516721e-04
4.273885219615000718e-04
2.633884053033569363e-04
4.264528283370722897e-04
9.667554091638722947e-04
2.627454114562983870e-04
4.267730243183191969e-04
3.057859592455197542e-04
3.756275707837871650e-04
4.621879624689224030e-04
1.681206661292758810e-04
3.756958102344460509e-04
3.055458010917706129e-04
1.675689335471455582e-04
4.612847225489034235e-04
1.695601182630391147e-04
4.597493025082232971e-04
3.748264381990697820e-04
3.880980690871839683e-04
4.586270476897589599e-04
1.685075734445819445e-04
3.877730100357400364e-04
3.754245414912248677e-04
2.619824047355550885e-04
4.973608569195705348e-04
5.009457574615952188e-04
9.650477835014616449e-04
4.964831878743907780e-04
2.609949510257453665e-04
9.685473448988987698e-04
4.413941962538857106e-04
