9.733937542492146489e-04
5.163471010625633826e-04
4.302671611345087500e-04
2.649789438499455980e-04
4.297842637334815634e-04
9.791030682717281625e-04
2.642630144103624845e-04
4.283048889051547354e-04
3.100335336183435001e-04
3.711193663907866292e-04
4.657374301264937517e-04
1.687618260472741136e-04
3.714589423178798339e-04
3.096086987377875271e-04
1.661158540600411043e-04
4.645123674199114314e-04
1.670630917138619378e-04
4.662404145118471911e-04
3.704203131032923106e-04
3.905695015474459973e-04
4.656683159689564851e-04
1.684963680354244501e-04
3.898488553422426025e-04
3.713316276744809395e-04
2.642162410798124233e-04
4.899659285661942887e-04
5.018006153770528631e-04
9.839543769538845481e-04
4.895738026182191571e-04
2.632105234750639644e-04
9.728031294119539752e-04
4.446036871322323102e-04
