9.755820780267631222e-04
5.154097547321550123e-04
4.233584772220492934e-04
2.637219378587620780e-04
4.315687016135645680e-04
9.741493575396495798e-04
2.625359629615520163e-04
4.221757114301366467e-04
3.013436055250544462e-04
3.672320281723608169e-04
4.669683738677390191e-04
1.653904901624656703e-04
3.676793248055882290e-04
3.010503342203686380e-04
1.672683735043717845e-04
4.652172341218188570e-04
1.668302719554284462e-04
4.684276395881518018e-04
3.667209269022443153e-04
3.871914337824406316e-04
4.660524063835605945e-04
1.650040532542281022e-04
3.878846537936444551e-04
3.675724431688217730e-04
2.631603633295494108e-04
4.885503707322727106e-04
5.018002277242824107e-04
9.756792559691561569e-04
4.874581435085939725e-04
2.621828484647475890e-04
9.689924041557827425e-04
4.470325963365626349e-04
