9.637932647540015108e-02
5.107804858241817708e-02
4.250682608637125492e-02
2.628876638499096433e-02
4.260523325984617166e-02
9.703991073714085536e-02
2.626109641259809571e-02
4.246745689195904200e-02
3.051675948068282088e-02
3.717263282208767283e-02
4.683771945078532561e-02
1.655304839612746146e-02
3.720775635498160816e-02
3.039807812577977053e-02
1.648541088099717000e-02
4.675842617195237472e-02
1.654334665143866734e-02
4.667639962255690916e-02
3.718158950764390014e-02
3.919197193596321571e-02
4.661408927793507517e-02
1.650421256383141980e-02
3.912596473989865542e-02
3.709871282771756013e-02
2.623881016800016022e-02
4.865782141110729792e-02
4.976554559879840800e-02
9.694147040590270215e-02
4.867760409478139039e-02
2.625282618218324759e-02
9.661079650948137254e-02
4.403114371848026315e-02
