9.687037758511624075e-02
5.016382183790265431e-02
4.085298798936604081e-02
2.682423899660434791e-02
4.250926230924999272e-02
9.658349538203768458e-02
2.671067178371248560e-02
4.089758187880970092e-02
2.893531435794284568e-02
3.643118497275133622e-02
4.636423487205426630e-02
1.708421889213625547e-02
3.650105342106976791e-02
2.874418247735446852e-02
1.709748860719731769e-02
4.639353896213722211e-02
1.707870674172992306e-02
4.719029682589805097e-02
3.650356085148646901e-02
3.992912637914968615e-02
4.718048669088684838e-02
1.710253094737576932e-02
3.993227518195779230e-02
3.638316727136942097e-02
2.664899556998741315e-02
4.946972372698630466e-02
4.975369875528997538e-02
9.709444897714272771e-02
4.935570075542482921e-02
2.673376907769700259e-02
9.715678366736188454e-02
4.292983359071386035e-02
