9.666532803858822465e-02
5.137045797160954413e-02
4.215070800789721267e-02
2.634492746574219196e-02
4.323479159127203292e-02
9.599582803794978747e-02
2.636768852481998285e-02
4.206946579068719660e-02
2.992250972002581666e-02
3.730726828519312366e-02
4.691625510266699689e-02
1.720008636274963920e-02
3.723841650154136040e-02
2.978198801500761550e-02
1.724805109387717375e-02
4.685970787559892714e-02
1.735290326982091846e-02
4.663694894115254924e-02
3.724205257962685117e-02
3.996889016040925530e-02
4.647884729307712876e-02
1.704613101195591451e-02
3.992214666620335500e-02
3.720892698404401622e-02
2.623248469486105100e-02
4.964621925291794191e-02
5.060280290799978181e-02
9.622313265565107798e-02
4.973778641186354932e-02
2.618565329182251378e-02
9.578597510503311652e-02
4.406566229060367157e-02
