9.612739454694038416e-04
5.089047917285202194e-04
4.276533214105416886e-04
2.629275932742503497e-04
4.267380197993501673e-04
9.624626336558664676e-04
2.628295936504363318e-04
4.267343355825223934e-04
2.989738338776730332e-04
3.709530865784635661e-04
4.641626276806540405e-04
1.700847508710453876e-04
3.707709696711548159e-04
2.982799134641237132e-04
1.696512741983055464e-04
4.648918268634393090e-04
1.699428469716018149e-04
4.631679222332263151e-04
3.709804006075361599e-04
3.952323271928966097e-04
4.633371113785355439e-04
1.688339971646161931e-04
3.941611174526449095e-04
3.710270569101928231e-04
2.626583644443717400e-04
4.960176761602728100e-04
5.008123812268302708e-04
9.628716193378091372e-04
4.957475398765788218e-04
2.620378411851729617e-04
9.578838228799973001e-04
4.355543766485286072e-04
