9.774550586416930198e-02
5.055488449864171258e-02
4.111027876693542499e-02
2.647722729863235050e-02
4.253161904209918492e-02
9.695863361708817463e-02
2.645223897896569615e-02
4.114979250763233648e-02
2.951608832882862340e-02
3.652762279661650457e-02
4.701477270539534958e-02
1.724035752995927567e-02
3.642137295052354229e-02
2.948382036418571370e-02
1.726303437104293598e-02
4.672155728175134831e-02
1.735915221156883459e-02
4.694964259997634615e-02
3.648426249410138128e-02
4.037744787908310179e-02
4.682451708385602929e-02
1.729459546934333444e-02
4.028815997047083264e-02
3.643500760295013963e-02
2.640042444093535640e-02
4.969986101007548701e-02
5.014704121289213085e-02
9.704873296474839095e-02
4.970006935918304392e-02
2.643244705584220020e-02
9.757945061428185962e-02
4.308330720194745306e-02
