9.626875714890394077e-04
5.138482784918999144e-04
4.151549805761242488e-04
2.661405873205711882e-04
4.320787152725029216e-04
9.613745847985903864e-04
2.654576870354533524e-04
4.146805049799588434e-04
2.919149099710691966e-04
3.682627398749349786e-04
4.654632172855982042e-04
1.722490301682366666e-04
3.680801829134145711e-04
2.911757358858595352e-04
1.716957284378733365e-04
4.643110733963799774e-04
1.729773035183239664e-04
4.696203846086185194e-04
3.671756627471267848e-04
4.090807971999546838e-04
4.679914732775523065e-04
1.725030117653105258e-04
4.091147626150212898e-04
3.677834695806793527e-04
2.646374255115439356e-04
5.014763483663244427e-04
5.093015329031430356e-04
9.663616282723637126e-04
5.007329377927604826e-04
2.646585095189736970e-04
9.566847185214285166e-04
4.361894233042189011e-04
