9.735666276281715846e-04
5.076916314588688110e-04
4.223673267497670444e-04
2.631542304379083197e-04
4.297922688816414741e-04
9.620211761672716041e-04
2.625858215776136336e-04
4.209024222444195129e-04
2.943390610921932772e-04
3.632585180486565821e-04
4.761656645774970027e-04
1.734755583734879920e-04
3.629707653981006422e-04
2.936597360216034618e-04
1.721495063458424466e-04
4.758020664627022537e-04
1.733922657256964611e-04
4.703649977110981170e-04
3.637083044747000315e-04
4.044497090073728078e-04
4.708613172491058819e-04
1.734802752602718234e-04
4.041124164256760425e-04
3.639494084577627516e-04
2.626698596106495772e-04
4.980257351171874219e-04
5.021273473743677676e-04
9.725703286861632144e-04
4.981758593882408071e-04
2.630892355534417029e-04
9.625953783898493019e-04
4.355048417006328267e-04
