-1.870651580915500467e-03
3.027747326864879901e-04
-6.478255368865687164e-04
-4.100878176920045258e-05
1.042834389631105887e-04
-1.976368174256087473e-03
-1.469599056250751657e-05
-6.223446927239819531e-04
4.777078816230065448e-04
-1.766903368415614700e-04
-1.306223772918859089e-04
9.834744884560079128e-03
-4.969264667770159979e-05
4.879968320069366346e-04
9.885892358679884695e-03
2.421336471250152026e-04
-9.333827996748686462e-03
1.856979077455843960e-04
-1.927881029994321421e-04
5.764083213276911680e-04
-1.608384590155494543e-04
-9.984130236587141285e-03
5.217978562661925584e-04
-1.006089431908673508e-04
8.272657995816660840e-05
-9.045229787933639024e-04
-2.058179475728069338e-04
1.353668633224340079e-03
-9.259162381256355731e-04
2.547058348934823669e-05
2.526449589147639150e-03
6.720022448172230205e-04
