9.660179278126765356e-02
5.123555405601425833e-02
4.247708741145635875e-02
2.635649305351351820e-02
4.295897756123030070e-02
9.666973970415178308e-02
2.631506984129236559e-02
4.244476843456033294e-02
2.979297094202984844e-02
3.761096581825755514e-02
4.682684007716655245e-02
1.707947845100749734e-02
3.758388399041963368e-02
2.973174159306340297e-02
1.706480036255117808e-02
4.676639959025478965e-02
1.713215271819157684e-02
4.690403539004181499e-02
3.758293743219300043e-02
3.969786459719785998e-02
4.683797370915698116e-02
1.713958802118630692e-02
3.965234561384454320e-02
3.753049532278510125e-02
2.626489899507439968e-02
4.989062982095401888e-02
5.036014960543670066e-02
9.665631966501425643e-02
4.986703668443524806e-02
2.622139341437889140e-02
9.665887950116784644e-02
4.394588040314931221e-02
