9.642318537083843788e-02
5.059285593994190117e-02
4.280466493260165484e-02
2.660228651103261135e-02
4.273382319352166808e-02
9.625446804501093523e-02
2.664944971869670498e-02
4.279026433819738129e-02
2.984801004980600428e-02
3.766928103725040999e-02
4.694566728060659000e-02
1.694016130643933790e-02
3.769307834889557007e-02
2.976492470199947407e-02
1.720865820482477687e-02
4.676783912508091640e-02
1.713545111567899015e-02
4.669608485198260828e-02
3.757950048896109563e-02
3.982440460133997856e-02
4.646045908461886309e-02
1.695740318716872433e-02
3.974844825903035145e-02
3.749961386610755482e-02
2.657811381896238792e-02
5.052159942549330762e-02
4.992701252162420195e-02
9.626090547676287301e-02
5.044964179872708093e-02
2.644273863971270330e-02
9.624434961627757745e-02
4.349152752209781148e-02
