-3.454085045004222430e-04
6.167413160566423067e-04
7.104605858255873653e-04
3.005557418971799592e-04
3.611219223840877839e-04
1.074230977010682880e-03
3.621167806093678900e-04
6.996707563889951673e-04
-1.509738097471299638e-04
2.734672646339708808e-04
1.175889577678010221e-04
9.803706101321269656e-03
2.418278624457691661e-04
-1.393541910889771690e-04
9.871449556547638726e-03
-1.635438721404323991e-04
-9.442149505073084426e-03
3.135836651998207729e-04
1.577893866477233088e-04
-7.194292181026125214e-04
-2.896579895169491413e-04
-1.019580492688553809e-02
-6.837995293931168174e-04
3.085940107403570428e-04
3.489808492876114113e-04
5.277511658893781037e-04
2.163868983640797122e-04
-4.661421575691212810e-04
5.381470031563011713e-04
2.202483753987766353e-04
-2.479464000459803653e-04
7.796993742657121890e-04
