9.723237336222163851e-02
5.122071289706507657e-02
4.306120601861213731e-02
2.609033762675689108e-02
4.290758068626910476e-02
9.696928801426930866e-02
2.612551715758156673e-02
4.302349972846786913e-02
3.013931479584679163e-02
3.736774907140023860e-02
4.661986286441070076e-02
1.739211661584020782e-02
3.733430287378475265e-02
3.015590751267648029e-02
1.709745160592248542e-02
4.654688779667402049e-02
1.754262510536138894e-02
4.718750124847363031e-02
3.727850434383389588e-02
3.989322283561808069e-02
4.721463700824223703e-02
1.716617113627003782e-02
3.980326031246688573e-02
3.727659203731679277e-02
2.599361324004061807e-02
4.958841213373366141e-02
5.010146098321670988e-02
9.742351799816520441e-02
4.950904459409000147e-02
2.595597920447928128e-02
9.630220594946710400e-02
4.393321285575142038e-02
