-4.707651315413946894e-04
6.754946816521528079e-05
-1.097830611257103036e-04
-2.577792959281398756e-04
-3.838010069963927978e-04
-6.856429806249040660e-04
-2.709308797916319179e-04
-7.151152489563619274e-05
-6.075966110572580579e-05
-1.076960009716882046e-04
-1.677979086036699970e-04
9.786794990865614954e-03
-1.457604946337160800e-04
-3.048610082089106703e-05
1.008058332995319904e-02
1.518086258505803386e-04
-9.726360313438889293e-03
3.070740767156029537e-04
-1.952292491676977835e-04
1.327955182550713228e-04
-3.705334000002518183e-04
-1.021538463452687992e-02
8.003125310715972251e-05
-1.489079892172175687e-04
-2.045259372822208282e-04
-2.111813769391390370e-04
-3.675502488081314493e-04
4.260202484576416037e-04
-2.611422364620664678e-04
-3.236464532609161296e-04
7.749066476757879036e-04
1.001355105813002102e-04
