6.638909343660927319e-04
3.827362463657644890e-04
3.749636837179555916e-04
2.318954728934134756e-04
2.724503793822394726e-04
8.200636534010681674e-04
2.228338005133193413e-04
3.825487075184591545e-04
2.342153861298396295e-04
2.498087402349874193e-04
2.613729316093723319e-04
1.471366117358043144e-04
2.588227794028414978e-04
2.331508429503119579e-04
1.235044206378910301e-04
3.012787715846286388e-04
1.359745537356271987e-04
3.360721082507111060e-04
2.592380748866026838e-04
2.804690409779788643e-04
3.404878947270727533e-04
1.422095852050520807e-04
2.812600835449302790e-04
2.480984050422106366e-04
2.210950342790341026e-04
3.500011610801382809e-04
3.425040459428850613e-04
7.604370809060201483e-04
3.496439668032380122e-04
2.320210764065965784e-04
7.335482452018739869e-04
3.111217127068809031e-04
