9.775636132048212083e-04
5.253797391012337463e-04
3.984092211339545315e-04
2.891037979077450571e-04
4.275659255846818462e-04
9.783012623932152256e-04
2.884359177449345442e-04
3.974380185306127661e-04
3.433254507037987284e-04
3.466084362276558714e-04
4.575870946716737342e-04
1.563630209760373069e-04
3.464866948366483583e-04
3.424288901538107780e-04
1.574717042178168836e-04
4.566666097086411000e-04
1.566835103653115263e-04
4.593335748943068301e-04
3.464497679331778523e-04
4.150155344623027804e-04
4.583985016230252875e-04
1.562116811633000124e-04
4.145116105436621253e-04
3.466381678602310562e-04
2.884798525484886882e-04
4.665815973238405471e-04
5.123621064629525334e-04
9.834410259226813653e-04
4.661367289506741524e-04
2.886047782371562809e-04
9.806756285959269091e-04
4.444409087024283472e-04
