9.744075357464600500e-04
5.110476243327215229e-04
4.244087713308018891e-04
2.666198994346210779e-04
4.240119347196442045e-04
9.632999242498842350e-04
2.662858408841279560e-04
4.239037713616790088e-04
3.067648160798601615e-04
3.705197398895766162e-04
4.618729754247993076e-04
1.613661096708580338e-04
3.700563788857398487e-04
3.066324529261415122e-04
1.633977909579896102e-04
4.623601516172551936e-04
1.643539655662676780e-04
4.638687571625005421e-04
3.702641357975773703e-04
3.874679289627303708e-04
4.631983939713492566e-04
1.614219421476712380e-04
3.870657940204440890e-04
3.702611561073216608e-04
2.661610732748594349e-04
4.864811767106640931e-04
4.970384587011338192e-04
9.639586502488404519e-04
4.860013901242459075e-04
2.661386055942743995e-04
9.740059055482836120e-04
4.411181149410836155e-04
