1.308916187684701685e-04
3.645397747850119595e-04
-5.121859204112219865e-05
4.247924031655427881e-05
1.698768952288556437e-05
-3.113465651562866208e-04
-1.558312634368625200e-05
-7.396931243163421671e-05
2.165268968066349012e-04
-1.846694994460148088e-04
4.950014933382144907e-05
9.997435809145926305e-03
-1.004438996138663114e-04
2.096683411311637754e-04
9.730457493503232719e-03
1.388386814446749000e-04
-9.365568341012965592e-03
5.926518791685809551e-04
-2.220311472631882998e-04
2.653621096011124720e-04
-5.360007091930346114e-04
-1.034823423875319386e-02
2.608109224941050760e-04
-2.046382342311414151e-04
1.296900520909329262e-04
1.245696515112650960e-04
-1.438014730038410249e-04
-5.333201642512618934e-04
1.362365903568673155e-04
8.808540681648369271e-05
6.445469635225275704e-04
5.452159664039188478e-04
