9.863180870247952037e-02
5.115326914854885498e-02
4.309763832231660458e-02
2.627276889885258801e-02
4.283929041997068532e-02
9.699569956483122812e-02
2.625486605795490647e-02
4.301662659690126678e-02
3.063697321117596351e-02
3.717861695686316970e-02
4.629644589898086748e-02
1.665810731261489416e-02
3.706490520653792087e-02
3.056755410022230640e-02
1.650067459039936471e-02
4.616971167961894662e-02
1.665943444732968445e-02
4.655615879558507031e-02
3.713975880535622803e-02
3.888701648512615794e-02
4.635136539429017544e-02
1.659702584819181329e-02
3.883354256386654935e-02
3.711378903757300840e-02
2.623918500952742566e-02
4.860240188316421878e-02
4.996947075997340559e-02
9.845647130453261120e-02
4.864924232152079836e-02
2.624157737637274404e-02
9.728398361539442041e-02
4.418945907858150973e-02
