9.683783802968930340e-04
5.192863658351928565e-04
4.191079324849716686e-04
2.723575500699797810e-04
4.265371558033299805e-04
9.734459217795271395e-04
2.722486111247360480e-04
4.185739501141179614e-04
3.187937348334109124e-04
3.556698063172218389e-04
4.661888929188599752e-04
1.620555948135376774e-04
3.555954034035126881e-04
3.186947837812384335e-04
1.617568639672505666e-04
4.653242492099675821e-04
1.612304753534141556e-04
4.634346720431332012e-04
3.559744214989864338e-04
3.968268244959421401e-04
4.628152841288026725e-04
1.622061975973015837e-04
3.966449704646368528e-04
3.558078449148944816e-04
2.726498603489272169e-04
4.853541829131195620e-04
5.036382929050875999e-04
9.661816496646679665e-04
4.849459419592451687e-04
2.720985680816643605e-04
9.737048949956571622e-04
4.442775529374399504e-04
