9.783713669986221495e-02
5.091657245447102353e-02
4.290003673943713902e-02
2.706295035445510991e-02
4.216607812849707676e-02
9.664781819651420414e-02
2.698403633789315040e-02
4.281834298057556054e-02
3.079202732393089212e-02
3.720281817704847865e-02
4.623509138532099633e-02
1.662037091772304576e-02
3.718654561724289709e-02
3.074116105072375107e-02
1.636147470762551112e-02
4.613984973588090843e-02
1.647855513943666944e-02
4.617275193840609387e-02
3.714813157168520008e-02
3.938909716660905086e-02
4.617129457630439471e-02
1.641311535051821757e-02
3.933732721751625333e-02
3.716799790406459525e-02
2.691969695997308010e-02
4.846264441106810233e-02
4.941550731767532789e-02
9.708273444908122052e-02
4.838492272648851206e-02
2.686319877407747359e-02
9.721374952656423873e-02
4.381299366161162806e-02
