9.754617304749942097e-02
5.125620295585587433e-02
4.273675468577509129e-02
2.624719165211063243e-02
4.261420493988251484e-02
9.704865910062390744e-02
2.621215359434923842e-02
4.269859997461183249e-02
2.958832462102192057e-02
3.748536396286947930e-02
4.710368458407138137e-02
1.719898814571934470e-02
3.744972542925966569e-02
2.944214966055485813e-02
1.686713353329820017e-02
4.689803591019661017e-02
1.708116741474313000e-02
4.705415898913795081e-02
3.743802368788764351e-02
3.858352218310312498e-02
4.688913983395913421e-02
1.714919289630163768e-02
3.858293726284059422e-02
3.732554569139415884e-02
2.607820226218308252e-02
4.944738583432880391e-02
5.008990036627655046e-02
9.765108055910345919e-02
4.943162109691898870e-02
2.612725389449069985e-02
9.643929783341294304e-02
4.382203649475892998e-02
