2.308947457180429415e-04
2.820690226828376224e-04
1.634456648316733203e-04
1.587040803021710987e-04
-1.321686108962882530e-04
4.727098567326134312e-04
2.795759634391780518e-04
1.735851219792038363e-04
1.301685846724897895e-04
5.614122499169729242e-04
-3.836034134724203575e-04
9.753723014785711451e-03
5.247736166712335800e-04
7.089660005527888276e-05
1.010816385423587115e-02
3.788571111219958499e-04
-9.567282046575730989e-03
2.194355411686381701e-04
5.190505232174301691e-04
5.346610610025951153e-05
-2.613208092087229229e-04
-1.017878481875762395e-02
6.094273107028752573e-05
5.377336969947486833e-04
2.341775961731908833e-04
-3.311003383308358116e-04
-1.368561958406025567e-04
-7.446204805126583996e-04
-3.734967911211887039e-04
2.926209952428750379e-04
1.335879255275316220e-05
3.397977579293646956e-04
