-2.157381788341609756e-03
-3.734862116222842663e-05
-1.300996266873408853e-04
4.566038672775283094e-04
-6.805671359645259653e-04
-3.598570950782352634e-04
3.048502213133661896e-04
-9.965654746161747141e-05
1.612838685480718910e-04
4.806401637607838023e-04
6.451125210301928261e-04
9.381542877738102346e-03
5.652566142705811071e-04
1.923226573837030621e-04
1.005694092225465838e-02
-7.614647012723285095e-04
-9.755174942547011063e-03
-2.144255470866679545e-04
4.706966851315789058e-04
7.313706844624129756e-05
1.876744402634297499e-04
-9.834704703606192075e-03
5.875793330727540356e-05
5.343648041849844007e-04
4.830762119709983518e-04
-1.083453130816574623e-04
-5.311147362052513407e-04
1.989268270948741507e-03
-1.125664351085935703e-04
5.645685935902318648e-04
4.863135427947543922e-04
-2.517372620029444921e-04
