-6.258632367386685394e-04
7.045052406048373959e-04
-7.071130019750622485e-05
-1.670228221575728849e-04
1.840942509806072446e-04
-1.211606325570907311e-03
-2.646283313751589088e-04
-3.344245346840567094e-05
8.503337984003062815e-05
-2.936948035820080073e-04
-5.628664677862445015e-04
9.738939670593213180e-03
-2.347557556011795911e-04
8.588933965934122494e-05
9.713274235069426638e-03
5.505417621930790368e-04
-9.337849403416241881e-03
-7.324083990010443745e-04
-3.454241379887942106e-04
2.895993813615711505e-04
7.691065283939944441e-04
-1.008283045488321192e-02
3.334020683142060212e-04
-2.753681206782377039e-04
-2.209416224689808713e-04
-1.017775702525711953e-04
2.382120109865017903e-04
1.585645299023832715e-03
-5.240196636898131210e-05
-2.312786163887132812e-04
2.633948471539754072e-04
6.292018617819703516e-04
