9.762146050986542220e-04
5.274992892876566135e-04
4.043224389076281603e-04
2.864793113410217225e-04
4.257663465959531665e-04
9.828408888745865813e-04
2.872873750084925233e-04
4.038026410287930156e-04
3.394697489140537225e-04
3.432876844438786977e-04
4.643447969784413021e-04
1.557867935503436433e-04
3.418245729624522352e-04
3.384925084977227945e-04
1.565374368756168144e-04
4.632919141476005598e-04
1.568781110871255802e-04
4.582193792791417830e-04
3.427628755457742642e-04
4.112371740541755929e-04
4.566812658635078181e-04
1.562216863467676489e-04
4.106075932341491492e-04
3.428247362386020757e-04
2.865202903009834079e-04
4.636512436160743992e-04
5.107809627803680834e-04
9.804773818807952131e-04
4.647566571544508988e-04
2.866558603335913951e-04
9.796474991000142952e-04
4.454819846490024287e-04
