9.729303082382144419e-02
5.199203405756406410e-02
3.945352187884381551e-02
2.911163680289724498e-02
4.243286938037782452e-02
9.761061772360897504e-02
2.907568956804976179e-02
3.931281130666015172e-02
3.401038908467559491e-02
3.447804519614303814e-02
4.607312603436972825e-02
1.547100852133895602e-02
3.440189604709827098e-02
3.393586150007745633e-02
1.569223347023874365e-02
4.596969686034041436e-02
1.576421504556477227e-02
4.597889225290070769e-02
3.436552625946523443e-02
4.131522671041732570e-02
4.575559606577567218e-02
1.540629554115304639e-02
4.131510394487070137e-02
3.438519764662890249e-02
2.902426304846602786e-02
4.569545646875970007e-02
5.067015959631375466e-02
9.767407885919479615e-02
4.572125364912492385e-02
2.894808025421420281e-02
9.772534033890428740e-02
4.405394484933599503e-02
