5.407163998332868184e-04
3.648565372890282010e-04
3.833394894098840489e-04
-8.751706389604016088e-05
-1.268046127945409688e-04
1.809818389625004499e-03
-7.116427864759994663e-05
3.544517558367230557e-04
1.426604737121015204e-04
-1.031812440011860911e-04
5.498000797144398299e-04
9.658980012994110298e-03
-1.316197246769191685e-04
8.407720748685126953e-05
1.003570522250915587e-02
-5.257007901554822072e-04
-9.692376933414313667e-03
1.008487212757586690e-03
-8.095806491108642727e-05
-2.337522249254426858e-04
-1.042821629335546766e-03
-9.982347848259803466e-03
-1.698548129569608814e-04
-9.074209087655791281e-05
-2.087406001389549538e-05
1.174713892511429562e-04
-1.164620856060699866e-04
-1.454674033841262676e-03
1.208648544605059176e-04
-1.871906722685475743e-05
-8.826187623596668756e-04
3.252820714360815852e-04
