9.710120606987249561e-04
5.109316532996888193e-04
4.178453889426671035e-04
2.667297190052081283e-04
4.268042732064974932e-04
9.731181122491212691e-04
2.663608876795581595e-04
4.184485742603827113e-04
2.926349371840614795e-04
3.761504095120030383e-04
4.642112992486435697e-04
1.715797510809067162e-04
3.745435646572863909e-04
2.924246748397723921e-04
1.719334375216226729e-04
4.637087444391438601e-04
1.729948148562714247e-04
4.698428524845392235e-04
3.753867195424799748e-04
3.963601099967253307e-04
4.690300526322341290e-04
1.717227206154931332e-04
3.950643691864859450e-04
3.750825721941898681e-04
2.670432242496786793e-04
4.927454537040713281e-04
5.042351073308436616e-04
9.771944760673808520e-04
4.922686543998348006e-04
2.664310418116171272e-04
9.682236453725122025e-04
4.340509048827403049e-04
