9.783609471677888123e-04
5.280119851130731434e-04
3.960649504745664107e-04
2.878492753370685896e-04
4.290946433230775165e-04
9.775043202478119093e-04
2.874316496071824376e-04
3.958717309235877191e-04
3.396917078351557612e-04
3.454771584662828603e-04
4.601740405378232498e-04
1.557822714276397842e-04
3.443841003064208178e-04
3.392743757570222088e-04
1.535692165990850419e-04
4.588373415486919692e-04
1.549050272639409642e-04
4.573899154312364513e-04
3.446742254443666800e-04
4.169795757490446248e-04
4.569078773779861762e-04
1.543500825722318595e-04
4.164666576092421733e-04
3.444822006684659065e-04
2.876308623268412088e-04
4.637368749297290016e-04
5.108616770266630712e-04
9.720392367219671780e-04
4.635542957424658634e-04
2.872566924443212852e-04
9.793249211330181184e-04
4.476336532563136416e-04
