9.736365523777811004e-02
5.112271334308508830e-02
4.304874116569088610e-02
2.635834149489006337e-02
4.261313516143089286e-02
9.645229556831154405e-02
2.632083780004399257e-02
4.297461720621389980e-02
3.012932299798985747e-02
3.796390476910437711e-02
4.694678750956557400e-02
1.694231822991848491e-02
3.797762254734492887e-02
3.015531659534069486e-02
1.683828588640846544e-02
4.677049175298771816e-02
1.682782125523504119e-02
4.711113255700893204e-02
3.801020115057159726e-02
3.933237173675371845e-02
4.712514952736499008e-02
1.704644720955457091e-02
3.931371163808572433e-02
3.793902938452207302e-02
2.637136018597825357e-02
4.986440137352369378e-02
4.989656623865338508e-02
9.749792245282676295e-02
4.994492986052825184e-02
2.630705509144930926e-02
9.630891121506826580e-02
4.399231519804554930e-02
