9.641762492618327109e-04
5.187585287774986982e-04
4.305382052122312176e-04
2.607463254209955571e-04
4.298498022891374657e-04
9.723534690148183217e-04
2.609538137030547721e-04
4.305850299839634847e-04
3.003268938698567246e-04
3.783423443063773988e-04
4.683598818186626928e-04
1.707253108647262024e-04
3.768721695292102155e-04
3.001327312719129703e-04
1.713465638209338250e-04
4.677911596791095149e-04
1.736751378344213734e-04
4.693604239002357060e-04
3.775244503413694060e-04
3.936496151425847496e-04
4.693384774596160314e-04
1.714954413314205973e-04
3.927398149442954452e-04
3.771344544763877279e-04
2.596328192676580922e-04
5.013051020766850618e-04
5.092982237954531317e-04
9.696600316234576600e-04
5.012814635685417484e-04
2.590537688181464358e-04
9.652412633251396170e-04
4.416180005587598111e-04
