-9.599345551551712518e-04
8.647930593886261636e-04
5.567445456296133983e-04
2.062375707036504169e-06
2.035079880445716030e-04
2.820567380906748804e-04
1.581918125143772286e-05
6.174528497243339693e-04
-4.207779639164258446e-06
4.610764602208854775e-04
4.766179305301189494e-05
9.703476336886864700e-03
4.584316707664229580e-04
3.296127545089132889e-05
9.803547894113391961e-03
-6.738742318686308556e-05
-9.433931931806211618e-03
-9.098141271660244557e-04
3.257035668799032569e-04
-2.106904053693839786e-04
9.139925159449082976e-04
-1.005585503657796878e-02
-1.924376073573056171e-04
3.740731895118791115e-04
5.087945149449336798e-05
3.748327450703689730e-04
3.632174468465519906e-04
1.133535046386373660e-03
3.639438086432284771e-04
6.428000609173744012e-05
-4.120848316753390099e-04
6.191637416353637383e-04
