5.858199964385973812e-06
4.708101134027688379e-04
-4.317716531174179735e-05
3.778159228201361029e-04
1.451474757409052050e-04
6.323731118265063728e-04
4.206189748898756312e-04
6.773882529466451833e-06
2.618715323776733589e-04
2.519652487885558280e-04
5.515944251855383392e-04
9.624074111329523548e-03
2.661435829992305868e-04
3.040871462856439486e-04
1.006015664143256397e-02
-6.474422303565119949e-04
-9.584998365489427741e-03
6.420121217453253742e-04
1.995546018105376091e-04
1.214530889482438755e-04
-6.966379758230120808e-04
-1.012125631221438837e-02
8.245304690768654799e-05
1.953357311573900436e-04
3.992608728572761179e-04
-5.469239020838667469e-04
3.517090158750327505e-04
-1.145584501698461042e-03
-5.840108843041910041e-04
4.067174684004635598e-04
4.695272656033966092e-04
2.904221203811968512e-04
