9.714556112500435025e-04
5.223668779741557451e-04
4.032052874359682692e-04
2.873997026495662206e-04
4.221630050357635033e-04
9.823231689878651578e-04
2.880001148347094571e-04
4.030870189021228665e-04
3.340356149410771136e-04
3.444492958284381162e-04
4.568678760099017318e-04
1.575369439909847502e-04
3.441743195097560974e-04
3.331897214561723754e-04
1.548161286666158035e-04
4.563096686967368833e-04
1.565689291530065921e-04
4.610829049707009441e-04
3.439625535025689850e-04
4.062403889629312404e-04
4.595504123782165112e-04
1.584780363197975481e-04
4.058312490215705602e-04
3.434336315778321099e-04
2.872883599997189097e-04
4.683097306927898893e-04
5.079339443945433789e-04
9.788182886471920915e-04
4.679578943690000485e-04
2.878457340957198195e-04
9.743020799278960314e-04
4.396426495731685998e-04
