-3.880989206820310714e-04
-5.511984874344514479e-04
-4.128026997307159517e-04
-2.794418922761682722e-04
-7.837931703035705844e-04
-2.417962686310588176e-04
-3.115583037634110457e-04
-4.170892753023641209e-04
4.218915084508026501e-04
1.247325127143270808e-05
1.817846965764684827e-04
9.776306220158275523e-03
3.415609885128038822e-05
4.658427830623052684e-04
9.852567014162452036e-03
-3.238501724645806326e-04
-9.644282321558216367e-03
1.776300888054386617e-04
1.605010254613052989e-05
6.910135359012930471e-04
-2.745870285169112364e-04
-1.022319282569359063e-02
6.239472023317522856e-04
-6.737359323831919344e-05
-2.238372951181791129e-04
-1.084457462200150808e-03
-8.624108483475877943e-04
1.344941889893200195e-04
-1.038842725069279898e-03
-2.661036840328315266e-04
5.358341381607238619e-04
-4.701337369472296602e-04
