1.190423908249253933e-03
-3.429748037943380684e-04
1.495960657083115629e-04
-3.448165758709964508e-05
-6.729683558593097100e-04
5.775459555106493906e-04
9.791909042818515831e-05
1.574509850070389926e-04
1.227308366456157825e-04
2.572802034978185614e-04
-2.740987801927547113e-04
9.668898036578768215e-03
2.638166699020861108e-04
7.798751376259245691e-05
1.001586892537458841e-02
3.056930835071737800e-04
-9.561447135478339313e-03
-5.617064855697282300e-04
1.900220749236602167e-04
-8.787674191868169286e-05
5.372430245378983713e-04
-1.002715886729504090e-02
-1.050664555315347344e-04
1.598017118130069445e-04
6.063357888677575497e-05
2.474635794432350510e-04
-6.668099773221950475e-04
-3.738186325551368420e-04
3.031790097909819819e-04
7.082762513278154993e-05
-1.449373946416131339e-03
-3.394303133541585332e-04
