9.754494645545105924e-02
5.086618246743739719e-02
4.178137619430795369e-02
2.663850705209436232e-02
4.270260112199328328e-02
9.698345980145335610e-02
2.656946550828008860e-02
4.169482457928130187e-02
2.946941679458277979e-02
3.697212749029074597e-02
4.732961788964471644e-02
1.730305268979637212e-02
3.686842182818592106e-02
2.949062406769450279e-02
1.714997265672361243e-02
4.725319880253760207e-02
1.742178844587181225e-02
4.756585941919017763e-02
3.679848142162497893e-02
4.050061567431247067e-02
4.763801861241620528e-02
1.724720789752813219e-02
4.044570460343931834e-02
3.691197916257409756e-02
2.658635329424821614e-02
5.076358460204147965e-02
5.022736941727599241e-02
9.767330005799325365e-02
5.066141725026687692e-02
2.649628144116862941e-02
9.670123960182575029e-02
4.332870432896772372e-02
