9.581518591301553317e-04
5.090049330873540941e-04
4.236305806707825971e-04
2.637687616289670876e-04
4.277172944599500599e-04
9.678048533061877051e-04
2.635841566015960868e-04
4.225476549534384397e-04
2.975705335703823610e-04
3.704805613904754648e-04
4.712718897845175991e-04
1.717931051083333325e-04
3.701778463608857437e-04
2.975345258180821782e-04
1.722920696459266361e-04
4.710259628566660045e-04
1.714259067926891204e-04
4.684914555293363358e-04
3.703816503121436839e-04
4.004255070401866812e-04
4.674606098213984024e-04
1.737386183659579350e-04
3.999837601501852785e-04
3.700466093792346956e-04
2.631777597015730438e-04
5.006727685266592698e-04
5.027859460180291633e-04
9.607481549837118290e-04
5.011805706564172441e-04
2.618550076024498308e-04
9.672065336281556293e-04
4.347419850842169334e-04
