9.744757620308176771e-02
5.191164945624903576e-02
4.342348303412518762e-02
2.615244281199115284e-02
4.313451202986524208e-02
9.670502420422336098e-02
2.611878522730485055e-02
4.338696926839780837e-02
3.061874374336329141e-02
3.755379651092475429e-02
4.659219151733733771e-02
1.674854613299738351e-02
3.761077979229950075e-02
3.058831419490019507e-02
1.684759452376171154e-02
4.657231504629585211e-02
1.700761991963595579e-02
4.634887478405602668e-02
3.750156565395859620e-02
3.895594505693147219e-02
4.634358930463659126e-02
1.674927250353495239e-02
3.888185569583656187e-02
3.750220377702970231e-02
2.597426304609175979e-02
4.965023570969194500e-02
5.051809228633011295e-02
9.731391853764248534e-02
4.954635078956852456e-02
2.611180842099228294e-02
9.627469262417405471e-02
4.479447031729041212e-02
