9.620402898340947107e-04
5.096439670213835952e-04
4.279122691889375983e-04
2.647391911795515199e-04
4.296264309288662223e-04
9.728313563287772046e-04
2.633014251613099315e-04
4.274066313462725371e-04
3.074425677618045321e-04
3.725641744368731823e-04
4.614212675211847286e-04
1.647366475976579157e-04
3.717990799098999546e-04
3.065130508568473904e-04
1.636413633021664954e-04
4.603958506355519589e-04
1.644305293099468618e-04
4.638784633780989458e-04
3.714442889157644305e-04
3.895140033781082701e-04
4.624132736195459719e-04
1.654892405633567247e-04
3.891594779870090554e-04
3.717796308116512656e-04
2.635639744270207047e-04
4.939760086631990932e-04
4.970593095967454833e-04
9.684032276197089475e-04
4.935195192584362596e-04
2.635956115653516774e-04
9.635719109276641176e-04
4.444393445131201038e-04
