-3.332372417305919316e-04
-3.999655324436264168e-04
2.433150670769701962e-04
3.331636320104208672e-04
-5.345229083684472499e-04
-4.963308114183770554e-04
3.150589816100482954e-04
2.713292001393320316e-04
1.152877818031793739e-04
5.583295211676949651e-06
4.784361146528313350e-05
9.965197928256014012e-03
-1.305769644455850108e-05
1.485636702051941515e-04
9.998592090736906426e-03
1.100336774104762052e-04
-9.364091051865799584e-03
2.381811404825942417e-04
6.594148365339331670e-06
-8.868034856897381293e-06
-1.861687186425287695e-04
-1.023899329003096804e-02
-2.392905136923004762e-05
-2.291667550019288631e-05
3.812046518058811919e-04
2.933912879046918305e-05
-6.394858499133726113e-04
-3.915316916190716810e-05
1.244174374852397004e-05
4.106494243199584741e-04
9.055010193860688842e-04
-2.638373880575159186e-04
