9.766512415566260853e-04
5.105832897665201322e-04
4.194390608349019152e-04
2.636064324716533747e-04
4.286769806937323446e-04
9.730980679844980627e-04
2.634354100217680718e-04
4.187052709288828002e-04
2.923377258082922553e-04
3.702510348851510182e-04
4.671262665712856612e-04
1.722903148666346290e-04
3.703299213253714883e-04
2.915416432999305566e-04
1.707311647802986748e-04
4.673299348318685968e-04
1.718147520101031742e-04
4.703674372291850045e-04
3.694243808558003261e-04
4.008635992753516197e-04
4.692422552822111460e-04
1.717864983619244259e-04
4.001241592226442581e-04
3.688495218624359469e-04
2.624615826717613919e-04
4.948516573319316526e-04
5.047383969004658535e-04
9.725367416036249458e-04
4.944198383383186434e-04
2.620145286776928532e-04
9.708027713018116921e-04
4.353560112625907107e-04
