9.782671296098828344e-04
5.123842392030110828e-04
4.143838595819047260e-04
2.682437148231571413e-04
4.352729868039872138e-04
9.798689230586757771e-04
2.671546668216711468e-04
4.133354144215386160e-04
2.939007275859023224e-04
3.697376919022545938e-04
4.728416914389208707e-04
1.705763117417221459e-04
3.696837839543159511e-04
2.929314334865520649e-04
1.702611262212259642e-04
4.707386912010969602e-04
1.718756540190227397e-04
4.697668916711261917e-04
3.703351465562326555e-04
4.076584869975095719e-04
4.681226070598057593e-04
1.721852608924226207e-04
4.072344857599647749e-04
3.701976168089928854e-04
2.677779975318638275e-04
4.982040071204079171e-04
5.072769928461099863e-04
9.762395042551596028e-04
4.983121389216600867e-04
2.675942691972730473e-04
9.827538694681841377e-04
4.398844343878908158e-04
