9.668835040306583695e-02
5.124553890721188221e-02
4.280266078357140846e-02
2.618332041732442453e-02
4.281413557684411036e-02
9.675454983995912528e-02
2.615382128644624590e-02
4.272299652064909248e-02
3.021826444670553530e-02
3.809955654900289840e-02
4.678128570654904034e-02
1.691585264096398533e-02
3.802591896155979589e-02
3.009962529673187656e-02
1.688952378233984572e-02
4.683553364844651734e-02
1.699459203642787047e-02
4.693292389860812680e-02
3.798628700997389723e-02
3.957298317582807340e-02
4.691283987132894434e-02
1.686561346521491672e-02
3.951486267437383237e-02
3.802653745792122092e-02
2.606687242387507528e-02
4.930182548670378889e-02
5.017466991611529287e-02
9.671956581753231308e-02
4.928387978810078868e-02
2.609837418870438255e-02
9.749007463299624865e-02
4.398405996497169873e-02
