9.674259688441565414e-04
5.127909351520926456e-04
4.222739486077847987e-04
2.630120866528850307e-04
4.273570507078241782e-04
9.605089137450649635e-04
2.617484964425926164e-04
4.221331345414668806e-04
2.959325194163720538e-04
3.743666567728143563e-04
4.686900516717376489e-04
1.693215823738880468e-04
3.733332704785968206e-04
2.950751466541211418e-04
1.719236820673846009e-04
4.665771814588413088e-04
1.727223290765495564e-04
4.662355442903934203e-04
3.729322264618987397e-04
3.921532962235324766e-04
4.655269511030020349e-04
1.710789450777010657e-04
3.915932580826110305e-04
3.728937993047381290e-04
2.607007363773646241e-04
4.962743926759774537e-04
5.038751519289693878e-04
9.663966336484827594e-04
4.964268372100453294e-04
2.614287218757665380e-04
9.652871382366121555e-04
4.376589839600552559e-04
