-3.229193183127832120e-04
8.292267960755280538e-04
-6.529117790040960901e-05
5.738914913507798176e-04
5.841131329566307678e-04
-1.847823448651966555e-04
5.158158580240969565e-04
-4.472617400971584840e-05
-3.352223171342745534e-04
7.214111809972987817e-04
4.276723019966943967e-04
9.750620673122867982e-03
6.284186569109783587e-04
-3.106168730417491869e-04
9.971297216647719355e-03
-3.482961173713205083e-04
-9.576351090954953946e-03
1.301867804682633307e-04
5.747992897043406732e-04
1.939547639346742881e-04
-2.373681394667020368e-05
-1.012045175360527793e-02
1.810416531114627018e-04
6.027002761791136086e-04
5.081301493550958656e-04
2.962527078834155020e-05
4.534071395864225709e-04
-5.514638696656815389e-05
9.947147607609618531e-06
5.057432810573316093e-04
6.144743951524069426e-04
9.141991241045561468e-04
