9.516323742872735908e-04
5.096944895026416433e-04
4.356525803887457125e-04
2.616137361635006054e-04
4.262597015146303071e-04
9.651132636215615113e-04
2.610704274001938150e-04
4.359838503765614613e-04
3.009886715639586031e-04
3.727879310212030240e-04
4.633735841940669789e-04
1.688771800503411215e-04
3.720937155518093636e-04
2.996703182295055003e-04
1.683522932841752695e-04
4.622908013282345826e-04
1.701767268662429948e-04
4.668204891918832427e-04
3.727555109151608776e-04
3.908260909379426568e-04
4.647411590203908371e-04
1.695510605689069220e-04
3.904814400256535864e-04
3.713399471281912407e-04
2.601956275902357596e-04
4.997195533391503557e-04
4.977710735599488647e-04
9.582014742785537097e-04
4.995237765662340415e-04
2.610289865018439268e-04
9.573731649239891487e-04
4.397724636770222913e-04
