-1.236554388066453489e-03
2.121606118964967978e-04
-1.743519000654936786e-04
4.497422206564588077e-04
8.320323350573147030e-05
-9.788974343199051843e-04
4.602359570699383570e-04
-1.265187730727619717e-04
-9.674007498509266457e-05
6.726925442088201685e-04
3.542744769132710986e-04
9.873642604013176463e-03
5.975419440443547779e-04
-1.301799280104646856e-04
1.009407099780662738e-02
-3.068489118103202005e-04
-9.485212999660609309e-03
-3.361474888331251342e-05
6.097832943599564666e-04
-1.390257285517532192e-04
8.863122581613098420e-05
-1.034546141258083259e-02
-1.343405139394967184e-04
5.743764578988045169e-04
4.910501463916909070e-04
1.053279861590923508e-04
-1.023447235777303878e-04
1.084002884601001316e-03
1.013164320045214335e-04
5.166297954041994310e-04
1.124674787625341019e-03
4.713632647789937945e-04
