-3.315213554699558110e-04
6.628482327159004308e-04
-5.923319830127059347e-05
4.752522595610688961e-05
-3.012113557230951450e-05
-5.432759584087076127e-04
5.853494752020799115e-05
-1.366356008573905577e-04
4.315622279691674413e-05
-1.642672362529986143e-04
4.253952912282328970e-04
9.409280915667761133e-03
-1.000610406287912686e-04
-3.647248905902855052e-05
1.030821530582898965e-02
-4.663879587737308373e-04
-9.794454364594027893e-03
7.018805403213379058e-04
-2.395408415594422503e-04
-2.110253144517741826e-04
-7.072507030129995733e-04
-9.783353178519093446e-03
-1.475896797255515057e-04
-1.776179917398784561e-04
8.250100766732666843e-05
-4.765510124236788645e-04
1.610991814145991603e-04
-4.782597962938217096e-04
-4.822253780866416644e-04
3.465293961962921389e-05
1.305598822441685547e-03
4.542070571776661222e-04
