9.669797247690847808e-02
5.158136375222165115e-02
4.190947707152221924e-02
2.682199389177996815e-02
4.359278526673925069e-02
9.769151123553340699e-02
2.674791297359941158e-02
4.183103791799673565e-02
2.980255297308576773e-02
3.758571163574964819e-02
4.718394058982773587e-02
1.724793091005861687e-02
3.750021603362338474e-02
2.974723296533845346e-02
1.710397750212980586e-02
4.711418884211305419e-02
1.703276264793299882e-02
4.744278490123680914e-02
3.744343405111488776e-02
4.020955845505816417e-02
4.728681061403934571e-02
1.738492931243268425e-02
4.023685051581175204e-02
3.742435556565471000e-02
2.668727342779887365e-02
5.040193268283142680e-02
5.102684788639642866e-02
9.694512652156701826e-02
5.040004354544495163e-02
2.664576404888140473e-02
9.712091559429086862e-02
4.413671115262531031e-02
