9.677706819287412981e-04
5.179388120367512229e-04
4.218608564830242358e-04
2.635293581959930256e-04
4.350475850791034218e-04
9.641296422913121344e-04
2.626207909885090968e-04
4.215877267276891627e-04
2.966996256760137522e-04
3.751637853044395587e-04
4.629712920001633706e-04
1.721408054118782381e-04
3.754233730438438082e-04
2.957803937197910809e-04
1.708160528212277374e-04
4.625224194196401193e-04
1.719662577499167738e-04
4.678203965837042749e-04
3.749736386500459500e-04
3.940212956249215023e-04
4.665475227244073150e-04
1.712749943030052603e-04
3.940640624185022382e-04
3.736142868514754386e-04
2.628047054490933467e-04
4.951282028623120793e-04
5.087361011930319026e-04
9.720572890549333302e-04
4.945850534229117874e-04
2.617501021759981780e-04
9.618473461738638207e-04
4.451502601280490435e-04
