9.711647543841965546e-02
5.135346391963933887e-02
4.369816912537714815e-02
2.653474371715574404e-02
4.211736311740330724e-02
9.806464299941697327e-02
2.636754434103631001e-02
4.358722379451347023e-02
3.052320155376142194e-02
3.706531939776763762e-02
4.640677563530683225e-02
1.653503981640256151e-02
3.702848123487310905e-02
3.044950246002194397e-02
1.644308965504630640e-02
4.632068736193046404e-02
1.652992240973985907e-02
4.631091599407434478e-02
3.696382022413981921e-02
3.879949298926991391e-02
4.632732307923751597e-02
1.670377874856210712e-02
3.881491140415926216e-02
3.710906192707924545e-02
2.626783994027264216e-02
4.968681359473887255e-02
4.979658731966186969e-02
9.759502674677210388e-02
4.963781457492588700e-02
2.630903268029036873e-02
9.765336439447162842e-02
4.384873918848641861e-02
