9.780588063564843448e-02
5.048649672610473760e-02
4.170198191499312895e-02
2.675352195406132533e-02
4.226555843076371805e-02
9.768113545588014146e-02
2.671424089261673768e-02
4.161816212563770878e-02
2.896405570026907433e-02
3.674902629940890453e-02
4.725099016181480427e-02
1.725647617428258118e-02
3.675407899445311960e-02
2.888377812184561924e-02
1.702544387840869769e-02
4.731804569687769052e-02
1.726912952686391819e-02
4.682280621959497569e-02
3.678547570581093551e-02
4.037049401829562872e-02
4.677898301814654297e-02
1.717192315462551591e-02
4.039362150400641754e-02
3.674237858752849029e-02
2.665357437344979818e-02
4.996104862310849631e-02
5.004472798470645245e-02
9.862388141751265991e-02
4.995808120669170682e-02
2.655002556820129297e-02
9.671816978034560031e-02
4.274696677242230403e-02
