9.615270039119716561e-02
5.127762679286931857e-02
4.317193497209197844e-02
2.672152336079468629e-02
4.296634670549555335e-02
9.698746347994470496e-02
2.664967200528509453e-02
4.307875412964461137e-02
3.016651191797016171e-02
3.769254646360637589e-02
4.687959606162615117e-02
1.720383463874355576e-02
3.773181670072400101e-02
3.009908002500949475e-02
1.728820039136442013e-02
4.682221380706038522e-02
1.726251606368569072e-02
4.701928688016324132e-02
3.776256011570321841e-02
3.978388767438025692e-02
4.680510704178057063e-02
1.720855738376509195e-02
3.976741168584387726e-02
3.771992150929420751e-02
2.663886690929131301e-02
4.996743643315672972e-02
5.028756644444605517e-02
9.676890430247371555e-02
4.992394985249210687e-02
2.659062551234433330e-02
9.672646877813097233e-02
4.396399575920543340e-02
