9.687134258795271347e-02
5.197427030137469206e-02
4.230010791420741462e-02
2.644947710803452132e-02
4.333557781221460820e-02
9.718700302571452176e-02
2.643646730774376619e-02
4.222098571140638773e-02
3.061759653968052636e-02
3.697849875313664186e-02
4.633672724663601139e-02
1.655778642844349738e-02
3.698742645135629642e-02
3.053804929289817213e-02
1.644784116136560614e-02
4.618928478119191383e-02
1.635228289751998465e-02
4.586371951110630035e-02
3.694938738042234661e-02
3.892516679619567599e-02
4.573700014409633890e-02
1.666553948834544052e-02
3.886605779056367255e-02
3.685148170227695030e-02
2.637411272847301966e-02
4.859639707818357024e-02
5.054985563519742708e-02
9.675219368582795021e-02
4.858954571733874878e-02
2.636256346283475868e-02
9.767232449837368047e-02
4.493687304025496126e-02
