9.736430743209818772e-02
5.114741604502321543e-02
4.283831446367733498e-02
2.626706073011514028e-02
4.277277223502908704e-02
9.730138959915651808e-02
2.623881100137489403e-02
4.281460827938536606e-02
3.031485725824624097e-02
3.710853929135864149e-02
4.716219365162266364e-02
1.667830542333057983e-02
3.700797320931054762e-02
3.026498103165544892e-02
1.680557041824263728e-02
4.718075588239475926e-02
1.674236608481185010e-02
4.698188242024847749e-02
3.707033712147978638e-02
3.873406638596756102e-02
4.683969451553482433e-02
1.681401724266741796e-02
3.868815336937128646e-02
3.703106019519549624e-02
2.616794668212977029e-02
4.977435331307051430e-02
4.997765252454434287e-02
9.734071808348827848e-02
4.981714092767196289e-02
2.611900726115007690e-02
9.699396191505295362e-02
4.407249847980276858e-02
