9.725492548078872078e-04
5.092373121347687189e-04
4.246690388686089296e-04
2.630899615805089450e-04
4.302293641797381952e-04
9.633061450141046020e-04
2.625934604651617528e-04
4.243816873706542526e-04
2.941376357206554586e-04
3.758264749133469868e-04
4.694793826953813209e-04
1.711662596020326001e-04
3.761552402153422797e-04
2.939147428530166132e-04
1.709675978879036603e-04
4.674897198056895227e-04
1.715449071854153941e-04
4.697405328275972144e-04
3.761808661435241921e-04
3.956898290787671862e-04
4.666632207396352572e-04
1.703297168466573800e-04
3.949668614201996158e-04
3.762835818751682085e-04
2.620897387859766944e-04
4.893434831744355139e-04
4.990711137965691928e-04
9.773537089250807809e-04
4.878606501042633448e-04
2.623120879865745744e-04
9.539338789916403409e-04
4.410671109953761496e-04
