9.610045815814968317e-04
5.087759116092204501e-04
4.207695603360483223e-04
2.639791246960364974e-04
4.254656878300737475e-04
9.741646477482369037e-04
2.640788885508012977e-04
4.210025392583516962e-04
2.954434292491481045e-04
3.746696602011653841e-04
4.647920311075325701e-04
1.704898319200219526e-04
3.742596728165146287e-04
2.942055117950170850e-04
1.714973934713779583e-04
4.656947197075070820e-04
1.715613404054721811e-04
4.675894912662973617e-04
3.747710379524796806e-04
3.994090549939099087e-04
4.675603916974201612e-04
1.719983665020895572e-04
3.986812356086449666e-04
3.730846274488917066e-04
2.635548032113583638e-04
4.936464095984540411e-04
5.013197227291728026e-04
9.658262810410819322e-04
4.935364337887905182e-04
2.635521065175617118e-04
9.640620542292763565e-04
4.337405232338071431e-04
