9.740467771606510505e-02
5.208652303247118809e-02
4.213266460679340047e-02
2.625019316761703636e-02
4.345444216127563458e-02
9.620977666194222011e-02
2.622880604973787042e-02
4.204418255901465340e-02
3.002239960248465067e-02
3.774891841286005800e-02
4.628170552566057000e-02
1.715915286772762630e-02
3.760700202729701930e-02
2.997553232560498312e-02
1.728245481157192689e-02
4.622019403469160292e-02
1.716342052693083792e-02
4.657425845459019914e-02
3.771998513173382972e-02
3.936341507957936275e-02
4.650128165615841774e-02
1.737893270455048017e-02
3.929722812473371296e-02
3.767051489436100409e-02
2.628514137396499931e-02
4.948076279981981213e-02
5.107103196565754982e-02
9.692189203557863286e-02
4.956232823437637519e-02
2.624828502434284339e-02
9.701443244886938377e-02
4.454338560936705466e-02
