9.635488809357896454e-04
5.161633463887454164e-04
4.237477541667529534e-04
2.670466976434439951e-04
4.335981781635251026e-04
9.734863557042270016e-04
2.660241654737341747e-04
4.225450686877995623e-04
2.997258094956868797e-04
3.773158523861803852e-04
4.668324172069096773e-04
1.700057680353665431e-04
3.773255148559530336e-04
2.994613486197316593e-04
1.725232137510548892e-04
4.666673803279637665e-04
1.717674045165891678e-04
4.710238827133964024e-04
3.768339376906488982e-04
3.983003698386678609e-04
4.712662936643043782e-04
1.715900327219474139e-04
3.980405479787061979e-04
3.774959749800587002e-04
2.654043424694293974e-04
5.026760690394418843e-04
5.075979403246946679e-04
9.666442218583458324e-04
5.021904679508176501e-04
2.649698521607576928e-04
9.723681013879447365e-04
4.436892155989267733e-04
