9.806246423805309656e-04
5.157850264197076174e-04
4.194041464279792369e-04
2.787189518133460862e-04
4.222203366969286991e-04
9.763664028502124946e-04
2.781285555768833176e-04
4.194460935728832425e-04
3.213103780287308213e-04
3.619068225158542009e-04
4.597808594934188389e-04
1.580416410730862043e-04
3.607346211197770634e-04
3.218741617723915862e-04
1.611398353945965199e-04
4.596966097172960723e-04
1.613106381772994296e-04
4.652853552501888730e-04
3.607710566401453383e-04
3.972449908880671754e-04
4.654706971555117056e-04
1.595755617523492164e-04
3.962901784392220458e-04
3.605506662195437340e-04
2.779676821388180909e-04
4.835707929045416731e-04
4.999538378347705581e-04
9.817521256790607068e-04
4.822393194371409932e-04
2.772938270084422132e-04
9.783370329428371735e-04
4.413086418810739111e-04
