9.668891209106876550e-02
5.035082565932189752e-02
4.137205346482249885e-02
2.700400798931191712e-02
4.264928660586111975e-02
9.699632006658311101e-02
2.695836504769177563e-02
4.139786759814939598e-02
2.912313161567282871e-02
3.657734327558438692e-02
4.705986275580122113e-02
1.705277784851621029e-02
3.658400789679033815e-02
2.909697872751331599e-02
1.710074472284720676e-02
4.694586756638367137e-02
1.709680961547431835e-02
4.652989827757549046e-02
3.657342497725501324e-02
4.077668956761078961e-02
4.644613409212822175e-02
1.702660727956793740e-02
4.066547551133396776e-02
3.654847539761540282e-02
2.683839470023402854e-02
4.913622982080986801e-02
4.996883131485564677e-02
9.707528785246520575e-02
4.905745137004589168e-02
2.686955305938387717e-02
9.677772772864148831e-02
4.290449398592309505e-02
