9.713943516873110862e-02
5.220257725375864605e-02
4.328284209109382885e-02
2.616627402268012145e-02
4.345179108778683685e-02
9.767503176491115768e-02
2.616985011657653459e-02
4.314614932202442965e-02
3.063041740678091457e-02
3.707773333265553667e-02
4.671129602877215764e-02
1.675100738929106298e-02
3.704717574840354910e-02
3.059344093840788564e-02
1.670272378033307858e-02
4.670131692920512917e-02
1.663426674157871335e-02
4.653503596559778466e-02
3.704621226312532212e-02
3.891856087008339904e-02
4.656830027262533894e-02
1.691581856303252945e-02
3.884123634986608176e-02
3.708976317070950685e-02
2.618351365519934817e-02
5.009287953218251321e-02
5.091430072876105412e-02
9.739952006627052017e-02
5.008089712442213154e-02
2.610811851674251644e-02
9.751434572598491335e-02
4.490605935100640267e-02
