9.881788938492883523e-04
5.232637491137237919e-04
4.202099725613887382e-04
2.790613812253984072e-04
4.303076113994810090e-04
9.726740216542660317e-04
2.796435768239003230e-04
4.198374671017395020e-04
3.252187287867012370e-04
3.576717918082438072e-04
4.591839573806003592e-04
1.625843873334528148e-04
3.572526536326208076e-04
3.252654694351787010e-04
1.606690924512157667e-04
4.577058425089424766e-04
1.614924898707902046e-04
4.565132961851609493e-04
3.574710559444455212e-04
4.065071236552961968e-04
4.546339350614996607e-04
1.635313157313159191e-04
4.053717695208509768e-04
3.580356827289216657e-04
2.800200468887826437e-04
4.825060317914772246e-04
5.088028707071969199e-04
9.818431040584155688e-04
4.821179044557138342e-04
2.784863769777801991e-04
9.797642371097261063e-04
4.468010099780194756e-04
