9.679127403162204619e-04
5.169013661466504914e-04
4.141203418975258877e-04
2.665875001982123183e-04
4.329833164652318526e-04
9.711797625071131885e-04
2.666586082908393779e-04
4.139838287389623669e-04
2.938610796818771150e-04
3.679548222369225180e-04
4.720227351958497302e-04
1.724917604121317932e-04
3.672928590991545741e-04
2.932270302886325671e-04
1.714148650699605391e-04
4.726228320435213372e-04
1.717387831678107691e-04
4.817213930634753273e-04
3.675287724600228624e-04
4.013127156398295370e-04
4.806657069466179107e-04
1.719485427125949715e-04
4.007691082425207793e-04
3.666050367430132451e-04
2.659644723410689712e-04
4.899061808971465681e-04
5.108322201304953385e-04
9.666817432766912225e-04
4.900370270530265103e-04
2.650970091543339204e-04
9.735021449413853957e-04
4.383947318829933284e-04
