9.543750864682581936e-02
5.084062529635680061e-02
4.343252085985932487e-02
2.608677727577177891e-02
4.274039835055493119e-02
9.578379763383397527e-02
2.605883678556222480e-02
4.338825810543361222e-02
3.015356510867310894e-02
3.750156064640975534e-02
4.606054611926449494e-02
1.658768039758937163e-02
3.743049515590744780e-02
3.018320229213574540e-02
1.671420830916020908e-02
4.574121064255035063e-02
1.678764875125797473e-02
4.607937847891975525e-02
3.738071448526588542e-02
3.925276947385184650e-02
4.592200047767494575e-02
1.678801218140248130e-02
3.915409058420687982e-02
3.739133643504050086e-02
2.591644306106771420e-02
5.020099051501435844e-02
4.970411600795560797e-02
9.624852457200860911e-02
5.017159525802875747e-02
2.590086118057182210e-02
9.530998773986626427e-02
4.401121588988506084e-02
