9.604197450277444925e-02
5.116790081095011489e-02
4.311101453250117121e-02
2.635713298309093691e-02
4.229246536661342842e-02
9.675818489764900776e-02
2.635655943760180711e-02
4.311685517543201174e-02
3.036562306320785345e-02
3.796059554118002416e-02
4.616275941078162859e-02
1.671916336641959822e-02
3.791130041032366588e-02
3.028323576820736787e-02
1.678190906177763619e-02
4.623377555034766107e-02
1.677166370153711575e-02
4.632699297469542593e-02
3.795901614286525255e-02
3.899723549506185771e-02
4.648374365183560730e-02
1.694333715552415881e-02
3.891621256530516243e-02
3.784973527511643204e-02
2.619878918197670811e-02
4.895193629340152675e-02
4.980228363707137063e-02
9.587297903838168378e-02
4.897430622317541782e-02
2.624874677816651722e-02
9.720995675779001144e-02
4.377992939091276264e-02
