9.838241525482012417e-02
5.192540070285237702e-02
4.036675140252470040e-02
2.856725805661770520e-02
4.213081059359459479e-02
9.859810792831628923e-02
2.850257002251998378e-02
4.027252306491980322e-02
3.367043047646222503e-02
3.498964824309504229e-02
4.578766389792296443e-02
1.580360974144082511e-02
3.497820837141192574e-02
3.360032772620075159e-02
1.572933330499006951e-02
4.570389823487970571e-02
1.571956237311391419e-02
4.608172466544177559e-02
3.486710771118622237e-02
4.085348463142685072e-02
4.605240286294402796e-02
1.583790092347169692e-02
4.084915965046929248e-02
3.487987793632325167e-02
2.841994489666915813e-02
4.689550894782423124e-02
5.034649508046164929e-02
9.925227855798146592e-02
4.687301303173269790e-02
2.840335722432721366e-02
9.807938605363165918e-02
4.373360677738311747e-02
