9.668743915275944401e-02
5.163338738522352950e-02
4.328799479952124413e-02
2.607112081169013496e-02
4.308838318723839933e-02
9.663564737679804229e-02
2.597821357515003177e-02
4.323858685706569865e-02
3.053751235979104348e-02
3.684627897598394958e-02
4.619842257997996277e-02
1.675364240705807389e-02
3.686727603474704990e-02
3.045437134911791605e-02
1.671096602214963353e-02
4.617331480826697421e-02
1.673342896918568815e-02
4.612916883642857735e-02
3.689778260054672743e-02
3.886086381300593584e-02
4.607604187535143531e-02
1.668978090054829000e-02
3.882378345798365160e-02
3.675563914699117585e-02
2.600835730988514810e-02
4.958238567477492309e-02
5.027978895699548173e-02
9.647718270188075651e-02
4.952028484319703772e-02
2.596376253544718099e-02
9.630615856117621942e-02
4.457120394201666974e-02
