9.570338881743735426e-02
5.213049213550248473e-02
4.296409296356300950e-02
2.653452944538343961e-02
4.270980368963536028e-02
9.642407510836656370e-02
2.639002757631625506e-02
4.292628533049809569e-02
3.114676737861939507e-02
3.698523497229374429e-02
4.648629941479381217e-02
1.656596944117455159e-02
3.704016067718161193e-02
3.109781902025903280e-02
1.642812482265052984e-02
4.652131461206378965e-02
1.647990234334450674e-02
4.651727081010542664e-02
3.693383430288384173e-02
3.917794783488627586e-02
4.645684859100526753e-02
1.662891021826351512e-02
3.921565790782304689e-02
3.695519686354817313e-02
2.636414152962055640e-02
4.941398963225066693e-02
5.062229774252122866e-02
9.606929884007495146e-02
4.930970700770986176e-02
2.639337157844262247e-02
9.565157646891821186e-02
4.443485717344077685e-02
