6.065114913782086378e-04
6.929851038374241394e-04
4.500857679309758328e-04
-3.025900293580066007e-05
-2.716754095828768142e-04
1.443095923365052095e-03
-1.326223080509249228e-05
3.383191899408881701e-04
2.177292544451682520e-04
2.561626344728650255e-04
6.878535394465370165e-04
9.396850843519663835e-03
3.937770481977608808e-04
1.472878132701536556e-04
9.900325858064728396e-03
-8.092704982921521779e-04
-9.751199495993656194e-03
1.868513550953583406e-04
3.350182275052257823e-04
1.308536489249309911e-04
-1.987003729481169199e-04
-9.965621296423678166e-03
1.233456539310634253e-04
3.743639914565600330e-04
-2.210456089579161180e-05
3.595102472003429916e-04
4.928397945243795315e-05
-7.579828172531447505e-04
3.525023407872713752e-04
-7.363692661366133236e-06
-1.210633055786081288e-03
3.146829558945709020e-04
