6.526787312911746033e-04
3.102019696363727337e-04
2.751908060155351036e-04
2.287640050582921442e-04
2.770905826246684725e-04
6.820795007335618597e-04
2.278339571816738050e-04
2.647343274572638090e-04
2.006421331739024420e-04
2.380086833779575771e-04
3.090241060913185385e-04
1.272643999662735137e-04
2.304007216826946052e-04
1.926719552081500981e-04
1.153429055775272941e-04
3.211605868313711703e-04
1.278777698393651976e-04
2.819701390785118219e-04
2.379026147501726830e-04
2.492656368969703093e-04
2.908871583375708465e-04
1.149955104164925523e-04
2.570183881532636791e-04
2.401019763411695843e-04
2.224856520468690218e-04
3.666134636330377317e-04
2.921681306397299759e-04
6.787861183031594940e-04
3.803892666363629113e-04
2.351726350897371111e-04
6.752497572378713103e-04
2.960200461300430651e-04
