1.444527232758106980e-03
-4.965739149796411433e-04
4.983740788875282331e-04
-1.726832510315011416e-04
-6.778188643254420094e-04
1.894428082583719027e-03
-1.834933543006043576e-04
4.676325313228466658e-04
-1.980820552925917181e-04
-1.960330989847291301e-04
1.175005680295152665e-04
9.756956682288363616e-03
-1.779428647838164135e-04
-1.569307513050681837e-04
9.734716892410998426e-03
-2.223327994891418800e-04
-9.572289184626235625e-03
-4.527682273895975882e-04
-1.940580553385281030e-04
1.369373789077205008e-04
4.950085655211481543e-04
-1.020992275141031566e-02
7.911559455732164708e-05
-2.844846936280796650e-04
-2.002193985473413578e-04
-7.369975311072727762e-05
-9.283622896294354112e-04
-1.041660619556003965e-03
-5.591867285967030667e-05
-1.439806454611844335e-04
-2.346714291756936497e-03
-2.307688774406629168e-04
