9.728333727041725554e-02
5.206795493463715896e-02
4.311164796947550976e-02
2.638979860334660088e-02
4.348089927048671283e-02
9.657517345536598130e-02
2.626333383752757836e-02
4.306726166203388162e-02
3.047152808416422887e-02
3.786472317261641019e-02
4.723672072714550640e-02
1.695516873890853468e-02
3.784399923964595208e-02
3.035375741544414641e-02
1.702035908929367541e-02
4.707948162771467132e-02
1.707470003774511427e-02
4.719083638365628719e-02
3.773651125020826419e-02
3.937936169359793070e-02
4.705138755421080232e-02
1.693220749008108456e-02
3.937931380881258547e-02
3.774000653001718941e-02
2.621113335420735546e-02
4.998453512064923721e-02
5.083052217895831643e-02
9.684038755479806859e-02
4.991838914364024604e-02
2.621344915502549916e-02
9.694929240069211085e-02
4.485236732483025013e-02
