7.618544744226510811e-04
7.414597254193044636e-04
-4.067605561688509251e-04
1.037987354122988048e-04
-1.441666557362419052e-04
9.441717800772927429e-04
1.309955558742418886e-04
-4.151647454300449319e-04
4.855714824623954639e-04
2.115885347228271818e-04
4.275658952370939596e-04
9.530323564345839424e-03
1.121164941104645617e-04
4.769601348174889468e-04
1.010826157055432634e-02
-3.288021555766369687e-04
-9.675111822041646686e-03
7.404434559338253334e-04
1.423852831237691120e-04
7.664151003920311681e-04
-6.804247825372491953e-04
-9.767733827537055172e-03
7.379198427754485702e-04
1.814928876066348421e-04
1.948465379193367163e-04
-7.850093765173038040e-04
2.029357167473304130e-05
-1.081477357404902941e-03
-7.817810743077890359e-04
2.274263719838523045e-04
-6.528165154799066630e-04
5.427187377876346733e-04
