9.688167578109654031e-04
5.128243983893719963e-04
4.182671219737386166e-04
2.635897801443297253e-04
4.308810019325549022e-04
9.708638115063838786e-04
2.629530076606645438e-04
4.178559001127397313e-04
2.966799468538645706e-04
3.750584389712068229e-04
4.720409333617122598e-04
1.733492567527143008e-04
3.753817552122151280e-04
2.958719484376769334e-04
1.713268153053898435e-04
4.723676015901544950e-04
1.733118726934216453e-04
4.688409032453672172e-04
3.748856231348394498e-04
3.915460355745333854e-04
4.669770785310295913e-04
1.732041900048597637e-04
3.915848425702509795e-04
3.743921643690495968e-04
2.628644179505682747e-04
4.960735441105122668e-04
5.053761684255051855e-04
9.708282161058203819e-04
4.951528270061595228e-04
2.623336144743593722e-04
9.617225489888779361e-04
4.395493940401719811e-04
