9.691043015114569892e-02
5.045633145505146189e-02
4.187634421507668847e-02
2.680206862561317765e-02
4.230547577264109904e-02
9.816878819813650014e-02
2.678949101364387284e-02
4.174725893830995987e-02
2.954270303121969352e-02
3.733426625363529816e-02
4.690497453119606835e-02
1.698783622051970588e-02
3.737089940495614410e-02
2.948365162958254543e-02
1.694389049422904969e-02
4.691078805751974778e-02
1.699996300251849224e-02
4.705322790063947574e-02
3.728670205220202538e-02
3.949890508977475095e-02
4.693917704871117258e-02
1.720607532637818265e-02
3.947648425931223753e-02
3.728542770083934782e-02
2.673717231132419561e-02
5.032029411439208066e-02
4.979447042704986809e-02
9.703930938918355065e-02
5.025164188668626575e-02
2.670643383863352885e-02
9.763855472521322520e-02
4.317750068973408295e-02
