9.667890054687207618e-04
5.082798602341859033e-04
4.228577628093165876e-04
2.659394598193539011e-04
4.278280039364681735e-04
9.606422564437895389e-04
2.660906212616166635e-04
4.222020918441651881e-04
2.957660365418618626e-04
3.724557268817334037e-04
4.647936292953817211e-04
1.706005460086817895e-04
3.726705413059905585e-04
2.953927712773167058e-04
1.720262767617542030e-04
4.629541126225639029e-04
1.720274365653638000e-04
4.651711896004200627e-04
3.719019066461947548e-04
4.058132982336400802e-04
4.632836559096401214e-04
1.712743228312259042e-04
4.051331940042741920e-04
3.721705106926764708e-04
2.648807264902983648e-04
5.002948725150787191e-04
5.025442154229485276e-04
9.582974847039344227e-04
4.999842237029037241e-04
2.640716428941546870e-04
9.699607156669491680e-04
4.342547336257075122e-04
