5.512490781327149860e-05
5.416842174658076088e-05
1.353699848336213218e-04
-1.710055693739307684e-05
-4.407703000406951394e-04
-3.453347526594237430e-05
-3.865031505268599747e-05
4.203463357565901640e-05
-9.131107875805082876e-05
2.249841259057406260e-04
-1.133040801981366903e-04
9.766674264532454464e-03
2.333333002267886985e-04
-1.227739012277282533e-04
1.018096522432312273e-02
7.371753724819589480e-05
-9.742770522558464805e-03
1.590673178671856303e-04
1.075923459503662637e-04
-1.764417313602807409e-04
-2.599545308500627043e-04
-1.013261641408450681e-02
-1.917731653106861825e-04
1.791100543949457260e-04
3.743230725735233040e-06
-1.954890801189856084e-04
-3.721894519542772090e-04
1.529737821450793286e-05
-2.309199114163512743e-04
6.071158781072274650e-05
-5.043041570600014401e-05
-2.463905008524446325e-05
