9.779862745729348342e-04
5.152118534601198615e-04
4.113462094494437795e-04
2.682882735365338541e-04
4.375427713419863425e-04
9.694100342522954210e-04
2.679533815239388259e-04
4.106144082635325280e-04
2.908257715704505239e-04
3.668558775119559723e-04
4.720691568152446914e-04
1.697213254246176021e-04
3.667311098488113853e-04
2.899413891623933313e-04
1.724532942842358523e-04
4.709330843972515967e-04
1.716720600539899035e-04
4.715248940019177632e-04
3.667204474962287245e-04
4.073003725243946123e-04
4.708962380563817352e-04
1.714057331052670470e-04
4.069076342194019569e-04
3.661574215596881290e-04
2.676287560953382553e-04
4.963844398402424574e-04
5.106895669686467706e-04
9.674703250215255408e-04
4.962294077879357383e-04
2.675171351754767625e-04
9.812773553034531259e-04
4.424129055765692905e-04
