-1.365821953126167320e-03
3.513701177454793605e-05
2.304625758156757568e-05
1.363038153322292210e-04
-5.258491705111101137e-04
-1.194201108317430749e-03
1.013693466313318173e-04
4.936744047079414657e-05
-3.621960594890104106e-04
5.958212409856429668e-04
-4.362888888295745108e-04
9.743306927392423461e-03
5.172791037332732109e-04
-3.652775311273695762e-04
9.957740882496107088e-03
3.484213785998248477e-04
-9.486813944266181062e-03
-3.122967544277052503e-04
5.526685490410699611e-04
3.918586895412210251e-05
2.569595561217618857e-04
-9.999320079978236617e-03
8.308608325307965232e-05
5.557559540878187401e-04
2.357830817073840928e-04
3.998772435762518130e-04
-4.484713849558367754e-04
1.291968359444281740e-03
3.972561017488213022e-04
1.773539399417520300e-04
1.194843778564305594e-03
2.929052508144508617e-06
