9.562556371718486338e-04
5.047543112460574095e-04
4.174829162763050452e-04
2.661356943925578572e-04
4.252454600666107695e-04
9.638400272090643078e-04
2.652887915759951525e-04
4.172508932934243433e-04
2.953547164223071717e-04
3.736671733074530769e-04
4.706811041809816874e-04
1.718393430148157353e-04
3.735268271735915592e-04
2.949228908556482355e-04
1.703318498818363674e-04
4.714368177403027629e-04
1.717084715256391890e-04
4.671346863063870637e-04
3.722656325702908406e-04
3.986485674040212649e-04
4.665496049221362759e-04
1.744559390778589140e-04
3.976533716272345016e-04
3.725321476101957851e-04
2.641671625324590561e-04
4.979252718553037584e-04
4.987007867949395630e-04
9.523480677561753415e-04
4.967254178287277243e-04
2.636393217119677493e-04
9.635958949218425022e-04
4.319455929879818367e-04
