-9.683401527438167695e-04
3.271369776153365501e-05
-7.693255125345774530e-05
-4.076843952459470368e-04
-2.575557881776458944e-04
8.396280583284433446e-04
-3.832820091068433522e-04
-5.767103565895989939e-05
2.681693239465679892e-05
-1.461674362103363778e-04
6.879006466129315711e-04
9.607345539296941947e-03
-1.737519202210124111e-04
4.258068400439160833e-05
9.916318667869190862e-03
-5.802127196530735501e-04
-9.532475919557135621e-03
1.885174133117609261e-05
-1.460664216718287819e-04
-4.285908681589448133e-04
1.331301007391061516e-04
-9.951563472073078620e-03
-4.004962831624492943e-04
-2.124381695224737373e-04
-3.588856304049400318e-04
-5.047854355367124347e-05
-5.114569698536794396e-04
3.891420404462218744e-04
2.540338705512588594e-05
-3.354601618930542367e-04
-2.398207731735496704e-04
1.686325607859054723e-04
