9.763578110458050229e-04
5.139602804073739074e-04
4.310929840317707256e-04
2.597908764822131201e-04
4.278313138146639695e-04
9.807339730771701819e-04
2.595700773728459605e-04
4.300288003697129392e-04
2.972539807969587673e-04
3.763977251052849464e-04
4.660413973823338452e-04
1.700119392968436969e-04
3.763721845483343313e-04
2.962570523997565372e-04
1.688230598806655231e-04
4.655956291290178875e-04
1.705079466963678361e-04
4.689115624553605224e-04
3.758863911794869408e-04
3.911963160711719612e-04
4.687952854423189106e-04
1.726850337680596148e-04
3.907955330725758152e-04
3.750985193684523039e-04
2.582538361125342520e-04
4.973524663275745959e-04
5.018953131965068473e-04
9.748834424239326236e-04
4.978431599921323732e-04
2.583185158476390209e-04
9.789880921061465749e-04
4.411066017512245614e-04
