-1.593986646702357174e-03
3.919334088186185688e-04
3.500430151634319480e-04
-2.176521578503939252e-04
-8.479244079713078137e-05
1.457695557446196145e-04
-2.637615941215176057e-04
2.991888501896269067e-04
-3.435574602002457807e-04
-5.805720034452761254e-05
1.575962065882594390e-04
9.638425565718726148e-03
-1.188655981708134810e-04
-3.550643731506578213e-04
9.904619372296603191e-03
-1.206862738464252482e-04
-9.767730690207501038e-03
3.156210092916282095e-04
-1.100098213193064531e-04
-3.231364561181077652e-04
-2.795747502824603905e-04
-1.001006566183901096e-02
-2.827725186299340113e-04
-1.339666143669216325e-04
-1.578005046297490256e-04
-4.353486822122333330e-06
1.531234163619805215e-05
6.849187547950728698e-04
-2.210027539077759389e-06
-1.236971067343498791e-04
7.748662221237426076e-04
1.232660065708096196e-04
