9.694990600566276429e-02
5.150646503400386350e-02
4.013826422362407054e-02
2.898706530722169536e-02
4.192340310603449166e-02
9.866207884421747398e-02
2.909861184627756531e-02
4.011090482712107580e-02
3.429143407294150264e-02
3.450966780859523325e-02
4.570363915637275232e-02
1.539619453910278171e-02
3.457104144389137185e-02
3.431499900912184792e-02
1.563967719456547598e-02
4.549087159032141892e-02
1.548540708270491895e-02
4.559703530734856430e-02
3.455709379385747682e-02
4.118922390552697682e-02
4.560690605174721329e-02
1.566310545209213118e-02
4.106833474520663052e-02
3.448777219882068201e-02
2.897980815607411123e-02
4.679272345105327940e-02
5.016443851387809155e-02
9.741012583279770598e-02
4.674914819419729445e-02
2.890994844641501388e-02
9.824173540184125142e-02
4.369794214122214859e-02
