-1.042338019621084780e-03
8.901180726524250556e-04
-5.392306192668737006e-04
-4.147758818061677297e-04
2.284704697571192505e-05
6.042452247281607756e-04
-4.043853908830590460e-04
-5.215537984283378885e-04
3.539513492191845214e-04
-2.733096455164502514e-04
1.256957297170577703e-04
9.409755818898296945e-03
-3.423400778512720381e-04
4.079485074042103819e-04
1.035764709284406858e-02
-1.537321923950199303e-04
-9.940283772913279664e-03
-1.732901528142044762e-04
-3.722619815548725160e-04
4.656972907100386666e-04
1.740696628823960586e-04
-9.775824750428954019e-03
4.101555037714494072e-04
-3.744985247623035078e-04
-3.974253841529920474e-04
-5.125002985111933463e-04
3.979120628389350590e-04
-2.609045565389229190e-05
-5.319566175218299903e-04
-3.543598203659252565e-04
4.687455171314140376e-04
5.157737636988858924e-04
