2.530622510245681377e-03
3.026646000143895878e-04
6.731014646642384611e-05
2.033531507678793375e-05
-4.805356333925301493e-05
2.643064367607125820e-03
2.188146687691250284e-05
1.011339318830287463e-04
-4.354479536359832708e-04
-8.471861413859796278e-04
5.998654560832988305e-04
9.592223036323311094e-03
-8.179450144616646568e-04
-3.278138676712699434e-04
1.012417922599088103e-02
-5.118844113171999114e-04
-9.715584346915924138e-03
6.273853166516065718e-04
-8.355262210906561548e-04
-4.680815546149586881e-04
-6.300275473280615799e-04
-1.023185352838483497e-02
-5.103222002806796385e-04
-8.278386753486744560e-04
-3.470837250737721926e-05
-1.178033593665038537e-05
-3.987357244098726740e-05
-2.928652525178262762e-03
3.045939691837627338e-05
4.655936267140672821e-06
-2.228825326645784890e-03
3.446806859612124062e-04
