9.855942849023578700e-02
5.310270035263135041e-02
4.016618896820190604e-02
2.910349610337274046e-02
4.314889767749144345e-02
9.904394269810777585e-02
2.907117727830916404e-02
4.013119516363473221e-02
3.374585079084484185e-02
3.445643457103057111e-02
4.600704892989673778e-02
1.547227411073665362e-02
3.438825666385407487e-02
3.374240249242797113e-02
1.555128666447192984e-02
4.596083314122492020e-02
1.556233209586225553e-02
4.630362888999475096e-02
3.437409648034175230e-02
4.119305187579615918e-02
4.616941389370567833e-02
1.564508165681079491e-02
4.113586813839466283e-02
3.439572749613087344e-02
2.907848036776432971e-02
4.608329843483477406e-02
5.166893561728427148e-02
9.857005290199120917e-02
4.607705443701703291e-02
2.899241958723469681e-02
9.914863102607994472e-02
4.458529599895672685e-02
