9.713161776237205780e-02
5.106230000120932228e-02
4.178923705243755421e-02
2.681073622278576374e-02
4.332490052973606010e-02
9.725354866600557924e-02
2.672952194152248759e-02
4.175710382930792469e-02
2.932610722795120362e-02
3.726273127787036593e-02
4.680166054212309829e-02
1.717136218451425708e-02
3.730327046107469180e-02
2.914804441876002461e-02
1.722544585472673626e-02
4.680363046605051647e-02
1.744778443711042515e-02
4.655614948197339675e-02
3.731458373486083030e-02
4.028505791533258662e-02
4.649097371809265272e-02
1.733081807743980934e-02
4.029857822186528465e-02
3.719649907088622143e-02
2.664340497698595295e-02
5.037662649243054847e-02
5.066564860434215334e-02
9.733006810573596734e-02
5.031816178262936423e-02
2.669320692049827193e-02
9.666903215954666950e-02
4.377700683690641942e-02
