9.648647037631626110e-04
5.060169503810574634e-04
4.067226926104489603e-04
2.689636536609044766e-04
4.278325473192541605e-04
9.727700782377963129e-04
2.683025617348866270e-04
4.070360981157490838e-04
2.901462589241916813e-04
3.684084617827213556e-04
4.673858968492461928e-04
1.680849243123796316e-04
3.683377223881613275e-04
2.896123919825817198e-04
1.685067629452853880e-04
4.669364868172843361e-04
1.687309710238985147e-04
4.707092021990097420e-04
3.683391356410793942e-04
3.959585322361195629e-04
4.707997590563513463e-04
1.689695814913483329e-04
3.954596159570200045e-04
3.668878844828667618e-04
2.670545589226557383e-04
4.962478824233344972e-04
5.012970921398371502e-04
9.648427511844910641e-04
4.960600825195932541e-04
2.668667127463785621e-04
9.718811162577539265e-04
4.337317512196599083e-04
