9.657791440273649775e-02
5.162481277342415020e-02
4.284394644229475718e-02
2.618005214203356079e-02
4.311135067471742049e-02
9.638264988971803615e-02
2.610284782331479328e-02
4.282945044007666069e-02
2.991447622779208615e-02
3.733162259274980244e-02
4.677922737098925282e-02
1.679295278095459948e-02
3.736236447001489019e-02
2.986985480839977197e-02
1.703511810989372099e-02
4.667785821937649182e-02
1.706458801821428978e-02
4.696359393933093040e-02
3.731508015987489851e-02
3.952056343717749026e-02
4.690780184373061906e-02
1.691283865395964287e-02
3.952589157244591062e-02
3.727962592417857768e-02
2.591194767880404537e-02
4.982053515671239913e-02
5.049360029868107946e-02
9.614955600858639262e-02
4.971180946132858908e-02
2.596675757454181346e-02
9.659340261878776590e-02
4.438833468795101711e-02
