-7.212376808060188800e-04
4.762683144911804538e-04
6.153526393382648379e-04
-4.560762773613962493e-04
5.152815104988115195e-05
-5.354930152257414075e-04
-3.599898072069499487e-04
6.386423879151731028e-04
-2.548029146496699925e-05
-3.762094396549386650e-04
6.339506702840161303e-05
9.871903648437393639e-03
-3.997675094279293478e-04
-5.144247656566477224e-05
9.705081721231707120e-03
-3.278345849971780785e-05
-9.280787797631851604e-03
-5.593521786056321766e-04
-4.469179599747616469e-04
-5.798475414396336673e-04
6.189302661806761995e-04
-1.008642763921250435e-02
-5.488097914520024970e-04
-4.754039818164282902e-04
-3.131060405695516857e-04
1.475269067860139627e-04
-4.740516302077665112e-05
8.853295472371012489e-04
1.323185851888326967e-04
-3.792230820253573564e-04
4.265922708436274712e-04
5.376042896530171863e-04
