9.639988871616290804e-04
5.143222999070613160e-04
4.388845617470397346e-04
2.637580476446291862e-04
4.301780252548985145e-04
9.704222889767992770e-04
2.630633494086455837e-04
4.391449388631697530e-04
3.005065239890049897e-04
3.768216421161461730e-04
4.672515187368045581e-04
1.690110772224647764e-04
3.773306236555216422e-04
3.001548826054039774e-04
1.709995130135798258e-04
4.665015501867320817e-04
1.694470521914688175e-04
4.633470099074542183e-04
3.785958904662732713e-04
3.959628266133639407e-04
4.617563709232957829e-04
1.699130849814589877e-04
3.956579086530460313e-04
3.771563269034163566e-04
2.636107276640450728e-04
5.039410899196770021e-04
5.036515643436912781e-04
9.608769526424952101e-04
5.036917421085147350e-04
2.631928751705451749e-04
9.665939847315251294e-04
4.422310241413564096e-04
