9.729308882501050415e-02
5.209435296432190360e-02
4.090409137380229820e-02
2.824058736755242355e-02
4.265733552462498690e-02
9.699056816712102458e-02
2.824553314318760736e-02
4.092491886232141329e-02
3.285696246133950477e-02
3.575198386719496274e-02
4.597668378671591893e-02
1.597078908200208480e-02
3.568378883060246282e-02
3.289442944011213704e-02
1.592667924660320922e-02
4.580912250688930903e-02
1.613564933800922668e-02
4.564294172701788971e-02
3.569385069900819080e-02
4.042005449543461387e-02
4.561131124326393838e-02
1.605079895537581472e-02
4.033120223373583974e-02
3.570968528699645234e-02
2.823179273343559212e-02
4.711311074294575324e-02
5.046109097959498857e-02
9.722934883269657158e-02
4.704407470799087942e-02
2.821939027128273283e-02
9.734763279996593022e-02
4.437384771352581581e-02
