2.925097242218367526e-03
4.325661846796602958e-04
6.230878520517701014e-04
3.003937308208143287e-04
-3.258406288059117833e-04
2.274676279036980369e-03
2.748941271285304955e-04
5.883860421270228859e-04
8.344943536006610635e-05
5.554913712446172668e-04
1.199037978288926937e-04
9.562817004990847511e-03
4.845315702097216840e-04
4.687657271608794315e-05
1.013385118177750205e-02
-1.253984910494369332e-04
-9.763295398386469606e-03
7.046583825490637578e-04
4.367331805082093669e-04
2.913146780919461287e-04
-7.200838757320560416e-04
-1.010028193334184046e-02
2.704096641248804073e-04
4.194319332000818286e-04
2.944722098283806318e-04
5.451437632376762104e-06
-2.034738123496491319e-04
-3.655269601513020869e-03
2.015619997184088627e-05
2.355813853379937249e-04
-1.643258236995651708e-03
3.801619544226743103e-04
