9.674749424322116875e-02
5.174741982225241482e-02
4.314095320925412369e-02
2.636833961932540452e-02
4.313102583314244037e-02
9.605312970665949579e-02
2.632164437205131158e-02
4.305414014363768971e-02
3.037970829664865188e-02
3.772482495381463546e-02
4.613764224798844182e-02
1.688437730395630360e-02
3.764794832500285848e-02
3.030227120276706917e-02
1.692382346231606841e-02
4.604744753583983607e-02
1.698076729398103821e-02
4.613025276741714725e-02
3.763982830151928888e-02
3.922354034779488435e-02
4.616712991180575709e-02
1.693239047034995198e-02
3.917666126056317671e-02
3.764831067019792921e-02
2.630693464809365570e-02
4.951430053277111609e-02
5.046358519628282857e-02
9.653632781428955756e-02
4.951246901415384816e-02
2.628323092850573181e-02
9.611368806308452639e-02
4.471944865397360636e-02
