-4.288876511896875425e-04
1.358280504755160750e-04
-3.008738445712313687e-04
1.218032751698700839e-04
-5.420488750357999475e-04
-3.450841586481623747e-04
1.484508913193975242e-04
-3.003050764661031489e-04
-2.572790075254202972e-04
-3.325711266768423941e-04
3.282629981110979719e-05
9.603447367364001397e-03
-4.098685385130904839e-04
-1.732848637775012972e-04
9.994735920470655677e-03
-7.088974963008096086e-06
-9.477220356054033221e-03
-4.702245612505243436e-04
-3.894274653989143091e-04
-2.142157389675478194e-05
4.941505919934071527e-04
-9.942094795173703203e-03
-8.219244115676575585e-05
-4.003351006171311987e-04
1.015146965758525452e-04
2.227290448364795149e-04
-2.455103346102952542e-04
3.276588831297664586e-04
1.619164637510939631e-04
1.807600968558033770e-04
3.774277741390019833e-04
-1.559885184333435347e-04
