9.593812303888700184e-04
5.167865670446410414e-04
4.258006305935246047e-04
2.634992081712148504e-04
4.350142867169011496e-04
9.642278727804500264e-04
2.632075898982425607e-04
4.247738557494502853e-04
3.007851900890957508e-04
3.766086992564535315e-04
4.712041959662721506e-04
1.715745108256016204e-04
3.772905693786200048e-04
3.009315319044621488e-04
1.698245753708626138e-04
4.689382375668630612e-04
1.723614032816645717e-04
4.637554959312348204e-04
3.763732774348315605e-04
4.012694055406730337e-04
4.631388325788470483e-04
1.719571096761433101e-04
4.002924053709331731e-04
3.773362578851001902e-04
2.620356812405848115e-04
5.003312347927523157e-04
5.087607559621127066e-04
9.639721376214435439e-04
4.990019723861856792e-04
2.615984369637311879e-04
9.545573557082993790e-04
4.434468048920574192e-04
