9.706386263079740291e-04
5.124763231423005603e-04
4.326612009138972644e-04
2.602099029834502894e-04
4.278057075730247634e-04
9.696319490845646148e-04
2.601405296664782794e-04
4.319352446978575615e-04
2.947338520078513543e-04
3.742763789906062514e-04
4.685486583881407732e-04
1.717257204540685144e-04
3.739664449105726206e-04
2.941680350212693383e-04
1.697984700235112175e-04
4.674698642187958436e-04
1.700679079654584711e-04
4.722611174331652669e-04
3.739331446755537222e-04
3.989652625242859872e-04
4.720254274303951631e-04
1.724625836809238414e-04
3.981237423791031882e-04
3.737572280493365283e-04
2.591042687124685273e-04
5.021372902436483905e-04
5.021119288432375309e-04
9.793528154846337704e-04
5.017029660095097179e-04
2.598772479581014177e-04
9.695936438227343137e-04
4.380406509294022853e-04
