-2.404281532939347250e-04
2.501461752562730628e-04
-2.054420342952945595e-05
-5.281095355332641187e-06
-1.962540710418422579e-04
-2.573735038228960317e-04
-1.571478671085555976e-06
-1.400354877154095997e-05
-3.718611723644385953e-05
2.989524181384614233e-05
-3.002493175716817181e-05
9.688907401175611903e-03
2.502664628028445016e-05
-1.999302859786182058e-05
9.987584061361435769e-03
3.131847393669200938e-05
-9.567780818040508284e-03
5.218794570512285514e-05
-2.092937417174275927e-05
5.359183390825560204e-05
-4.038624822774848514e-05
-1.009555602461814638e-02
4.187432373453529920e-05
-1.936416946168989235e-05
4.329350060267822780e-05
2.050573137314610155e-05
-2.206398189323307885e-04
1.252448734405752330e-04
1.815681902485780544e-05
4.160384311454091186e-05
3.823748158195852220e-04
2.929380037609954955e-04
