9.608187213895945378e-02
5.154573243669027111e-02
4.327151670469647771e-02
2.645814697910396640e-02
4.320705918148661645e-02
9.599885770145526187e-02
2.646764816419227770e-02
4.318512681325097080e-02
3.027676687817943899e-02
3.730415028530344179e-02
4.690167852009517746e-02
1.668146846911238920e-02
3.724491658702214214e-02
3.034583463674830547e-02
1.680662394285450598e-02
4.685010509720304028e-02
1.679925113192532252e-02
4.715515992009943619e-02
3.716780851501731708e-02
3.894519598826132190e-02
4.695647909073428355e-02
1.678600228842501776e-02
3.886114031880028713e-02
3.716762165729791539e-02
2.649581893684205616e-02
4.984694762067762297e-02
5.050731265644609058e-02
9.648229152237043638e-02
4.983088375592396868e-02
2.626246195203900749e-02
9.569931145611054735e-02
4.443713669643261505e-02
