9.729967174502206217e-02
5.188126740160902556e-02
4.164021031055730598e-02
2.784102436326700916e-02
4.234172850928192428e-02
9.750385304416676890e-02
2.776887877483774636e-02
4.159049903432793238e-02
3.246596098411383413e-02
3.535237797375650332e-02
4.655896323668103770e-02
1.595381899238540804e-02
3.529202115814590590e-02
3.246133228804951726e-02
1.608519770162552057e-02
4.647042942497758150e-02
1.626737611454995985e-02
4.634239506444427781e-02
3.536681299778874493e-02
4.001273310948936374e-02
4.645137663733937133e-02
1.600355924445556743e-02
4.002231443301493968e-02
3.529054861297634127e-02
2.776583121962288708e-02
4.780522749450161896e-02
5.020162647547112000e-02
9.793121523153634767e-02
4.780087685790698065e-02
2.771058848515919534e-02
9.786063009383960676e-02
4.430847710292298153e-02
