-1.475389657849313671e-04
5.895807775314700116e-04
3.521363821688466627e-04
-3.146539893198358764e-04
-1.752756966671590927e-04
-8.352891540432613466e-04
-2.248694589744583384e-04
2.931094174436430768e-04
-2.164490363602286578e-05
-1.957811786982268309e-04
-2.534622404991693331e-04
9.651305944659658437e-03
-2.092870684492964463e-04
-4.318840396465474388e-05
9.997719174975086900e-03
9.241074882651828092e-05
-9.631574073697107830e-03
1.720048485653529282e-04
-3.068145903165041548e-04
-1.690306609908694873e-04
-3.833105215268023088e-04
-1.005442411127254257e-02
-1.114791022694385989e-04
-2.609159675422114072e-04
-1.647834006100843828e-04
8.739396802926052438e-04
5.044703008344239001e-05
-4.579457929217285684e-04
9.572014104514868981e-04
-2.338348904711882526e-04
1.406282645735883619e-03
3.683753527464111240e-04
