9.878307340152039581e-04
5.242854088122406641e-04
4.063397190709942906e-04
2.925667291376078932e-04
4.293441898302528771e-04
9.945854973092524594e-04
2.916116975097116071e-04
4.061136631027819320e-04
3.445621641931467891e-04
3.459219632980174274e-04
4.557818443920282959e-04
1.566976207307405652e-04
3.469663932631033274e-04
3.439563721221249688e-04
1.564622251414829381e-04
4.557252231229463120e-04
1.583223657430805626e-04
4.594870186268793497e-04
3.465006356546466147e-04
4.151828293462805040e-04
4.586454693025338297e-04
1.556878663010975098e-04
4.152880775477611665e-04
3.458291587019598568e-04
2.918283182919925332e-04
4.692241996269847209e-04
5.107685145104133182e-04
9.856859954866211207e-04
4.682964106927488962e-04
2.913359934860786571e-04
9.979828543056454455e-04
4.453096331922365599e-04
