9.674787310449763133e-04
5.044239735521170069e-04
4.155915528909850422e-04
2.677511947122735857e-04
4.268687893022639086e-04
9.704649915562102783e-04
2.670344170436101815e-04
4.154871952524540990e-04
2.893595807339219891e-04
3.694076160302219871e-04
4.684802881653611075e-04
1.686210314208845952e-04
3.691317083092777399e-04
2.884979881023537625e-04
1.720548680475138498e-04
4.688962625194748588e-04
1.730270633137033422e-04
4.674434917312633503e-04
3.694831203440418466e-04
4.023865303357496734e-04
4.677297554008642637e-04
1.707183642471301395e-04
4.021877839444636831e-04
3.691161648643932498e-04
2.666336781806746565e-04
4.952333021383846035e-04
4.994951853719363077e-04
9.624089242828051238e-04
4.942029075884716172e-04
2.665543721014947002e-04
9.631712130261193931e-04
4.319093370174902102e-04
