-5.846521398865648278e-05
2.407387318799917490e-04
-1.190345122123458063e-04
1.148504641450160953e-04
-3.558576426521337164e-04
4.293808235183506111e-04
1.614388514837414204e-04
-1.164239362958808806e-04
3.333613861320805288e-04
4.251263017593631113e-04
7.465970703515675561e-04
9.700083479639298734e-03
2.853620209824719953e-04
3.760628636797314441e-04
9.727545572737219398e-03
-7.114689662174589462e-04
-9.327688339890283231e-03
-6.951297485058614096e-05
3.250167837830548632e-04
3.865231579416869090e-04
7.909032037248603050e-05
-1.010000386318524873e-02
3.286615981614420933e-04
2.983337867289186833e-04
1.688219305014002037e-04
-1.487534987781700014e-04
-2.309348726428014659e-04
-2.775475978146228415e-04
-1.990043801837219548e-04
2.096152742503288181e-04
-9.802359895289537131e-05
1.759702651396718661e-04
