9.732977794531028071e-02
5.060642234310439025e-02
4.106015913537588297e-02
2.665061810228259997e-02
4.268050284503078357e-02
9.705537732457555911e-02
2.665969627814002846e-02
4.103176631814215575e-02
2.918476692026581928e-02
3.628105266237299092e-02
4.718289972504180474e-02
1.695354197018712067e-02
3.615952848698088251e-02
2.919508460291097771e-02
1.705825984630941761e-02
4.699331296534279417e-02
1.711491153835567255e-02
4.629378011972927476e-02
3.616928408790683752e-02
4.036601355371016719e-02
4.622452280856381712e-02
1.698034762163676964e-02
4.026619791945647286e-02
3.619741683880679101e-02
2.658036939594258380e-02
4.963339791900181486e-02
5.026695283431794475e-02
9.666800718613000054e-02
4.961560499116071665e-02
2.654942243685667544e-02
9.792633097936974396e-02
4.315562565151516428e-02
