3.895222916174317018e-04
-2.302939258439497228e-04
-6.351420203847788241e-04
5.636452934473581435e-05
-2.995631548231575815e-04
5.139350656125131218e-04
5.432810197645624958e-06
-6.178958718253767897e-04
2.859268974232313082e-04
7.206191976046410173e-04
-2.097637116603776996e-04
9.791436427860785580e-03
6.741846006248642786e-04
2.920441331328080931e-04
9.646501317104075671e-03
2.949085616213683106e-04
-9.335262332441097641e-03
4.059534189589267088e-04
5.913076903848656042e-04
6.483765370686224178e-04
-4.228407081471863543e-04
-1.018195194320866727e-02
6.081906511418623150e-04
5.940838291217100066e-04
3.170766855167575065e-05
-5.853752728131083249e-04
-6.246042777467014639e-04
-5.416096059865103994e-04
-5.918871033825411684e-04
1.101000426149523854e-04
-2.567889853320642402e-04
1.120380855642993121e-04
