9.780293258485949024e-04
5.127727448617025799e-04
4.276614222105399373e-04
2.640354989075117411e-04
4.275030411437301630e-04
9.714120555822400391e-04
2.635509918020520351e-04
4.277356518370025568e-04
2.985400921791062242e-04
3.801450959761698014e-04
4.667461052498483127e-04
1.711351337574949013e-04
3.794122754938947109e-04
2.973290867474651534e-04
1.703705238979925983e-04
4.670972525766096148e-04
1.712581757074434468e-04
4.646320758844506120e-04
3.805025422419943716e-04
3.967903179745147749e-04
4.641925290522008014e-04
1.719710707891601890e-04
3.963086697603020701e-04
3.790439391135398857e-04
2.638991229267497818e-04
4.971291216140368919e-04
5.029485363047735092e-04
9.791987720930333053e-04
4.978144943592301619e-04
2.637844419254060805e-04
9.663239923998996140e-04
4.371643743475726114e-04
