4.169373567271939906e-04
-6.190312657643311451e-04
1.100672000661903009e-04
-4.563702057023804725e-04
-6.971288489121960563e-04
-4.506666722948068996e-05
-3.173150953341760802e-04
3.465148512121106949e-05
-2.347636340315792817e-05
-2.366018401109896930e-04
3.448717831015703098e-04
9.690914037224549957e-03
-2.743592758009304406e-04
-4.532060798788759449e-05
9.992878557273170495e-03
-3.815355276107459579e-04
-9.619745851372492329e-03
-9.581612762563509285e-04
-3.336957683151693622e-04
-1.516951879249291482e-04
1.039159215469484922e-03
-1.013893394554534616e-02
-1.318047035853772838e-04
-4.020691569537694415e-04
-4.438030167831517924e-04
-2.207678692557124090e-04
-9.509167296416460398e-04
-1.049243864824108536e-04
-2.434589006558353385e-04
-3.713316884376692572e-04
-3.528130135148080859e-04
-3.356714122205336462e-04
