9.729629679801139915e-04
5.089969584691769137e-04
4.283441243783950520e-04
2.690233676168096765e-04
4.286396412546600765e-04
9.725098104320644300e-04
2.688689529818167928e-04
4.289747784909823882e-04
2.976011753546486472e-04
3.768444555992381175e-04
4.718646320071310987e-04
1.706793176960934690e-04
3.761619594821535785e-04
2.968119918509205292e-04
1.692870401577988330e-04
4.694099328995732429e-04
1.710526560093223727e-04
4.620494611618245146e-04
3.768770810171770879e-04
4.047313730974070527e-04
4.603244474910426131e-04
1.702110384080419655e-04
4.043044781149502699e-04
3.760344680531523052e-04
2.682834476308250588e-04
5.022059235517669978e-04
5.008082983272067355e-04
9.788725219355232186e-04
5.019807887496515993e-04
2.677978607419091825e-04
9.637622875705982540e-04
4.375352439756479707e-04
