-1.453359421534329511e-04
-2.229241005512963428e-04
-8.551600415375462888e-04
1.273954544477925847e-04
-5.263781669797047832e-04
-1.349162832722836753e-03
1.563393284359330677e-04
-8.962031082044070616e-04
1.919567843255009663e-04
-1.916800039465608256e-05
-4.956131419299941243e-04
9.764805599907415076e-03
-1.447841070162393640e-04
1.885152659003993484e-04
9.962272373203072059e-03
5.723356057742706856e-04
-9.427757787223616306e-03
1.103227601940329992e-04
-8.902747448354926616e-05
8.002183287252198976e-04
2.573356591669920453e-07
-1.015117372264191450e-02
7.363307607758842310e-04
-1.275601113542115556e-04
1.749128972921026751e-04
-5.921833570448496644e-04
-7.193016814775829047e-04
7.815390425061340693e-04
-6.178920022329521984e-04
1.685634167319258962e-04
8.136814673762271478e-04
3.780978378438194380e-05
