9.758423519570946390e-04
5.232755186559203157e-04
4.096789008819998212e-04
2.794388889979853782e-04
4.287000686697811907e-04
9.823566611049285979e-04
2.783978190132185707e-04
4.090417266163641529e-04
3.301889051326229092e-04
3.472524720375456497e-04
4.613590072957112886e-04
1.563294581094227381e-04
3.476836535228636986e-04
3.299967178612426611e-04
1.589990924032320930e-04
4.614665365659711819e-04
1.592196191102816718e-04
4.567517563386812784e-04
3.471384453357891694e-04
4.004609048786206531e-04
4.568513854848981056e-04
1.586762699933299495e-04
4.006857418879912697e-04
3.475684682307966680e-04
2.790858288271057860e-04
4.752473186128227420e-04
5.069985170558455540e-04
9.687042079489994106e-04
4.740456824555363971e-04
2.785174945145695285e-04
9.880660366221492245e-04
4.474489102841276733e-04
