9.699786968814937127e-02
5.148590171982773966e-02
4.171988401314653122e-02
2.678835497426712911e-02
4.335073323115488236e-02
9.691778134650508303e-02
2.668702736082598920e-02
4.173833440545695467e-02
2.948201802102807731e-02
3.703770010490058801e-02
4.689707429495748592e-02
1.716739799073181347e-02
3.687294789501189413e-02
2.931981990838953070e-02
1.708455815609964332e-02
4.676958414927012697e-02
1.729609327178210920e-02
4.749308097145655411e-02
3.705163034418081092e-02
4.002987995891958695e-02
4.738217916057770041e-02
1.703548585719490485e-02
4.004054378658534336e-02
3.693766633913694863e-02
2.666085888484977587e-02
4.992155665270830295e-02
5.088100261475236863e-02
9.694730975328040568e-02
4.993087368652544822e-02
2.665764171050951509e-02
9.656333448521367546e-02
4.407295794936446492e-02
