9.800012786527676194e-04
5.114497084594334542e-04
4.121071364118954953e-04
2.696960093769548207e-04
4.327523260798795757e-04
9.750686340599005542e-04
2.694109018412553036e-04
4.118294000401366540e-04
2.905703099120122632e-04
3.649119735368917708e-04
4.723233702830173259e-04
1.712843925002232768e-04
3.637500250132996238e-04
2.898581811717992852e-04
1.722340282923462808e-04
4.721314707900975361e-04
1.742210594417634259e-04
4.716083820275428348e-04
3.647614952984309174e-04
4.021152704342201376e-04
4.703220963148630005e-04
1.729151206009717212e-04
4.016376689696406319e-04
3.639612207970489865e-04
2.686776602742107839e-04
4.943025623151847160e-04
5.081031291863137567e-04
9.866864744330495606e-04
4.947166502668404534e-04
2.686496182104430516e-04
9.785117102704030904e-04
4.349893746133532422e-04
