9.739453295724213866e-02
5.150024218581807783e-02
4.306130988887142685e-02
2.631002339161006565e-02
4.313438387413332659e-02
9.697206262777034735e-02
2.632829202102018179e-02
4.302976474753331115e-02
3.007918627620495902e-02
3.784951850172808135e-02
4.676044680990450869e-02
1.716567475438161849e-02
3.775821652963484709e-02
3.003714060948611125e-02
1.697382502832350121e-02
4.675598766696933278e-02
1.713928735366263001e-02
4.751653091019587133e-02
3.773349003926557144e-02
3.971537035626498957e-02
4.740992144567188205e-02
1.719497103859158119e-02
3.963679253225690230e-02
3.768056192736315979e-02
2.619351889714992970e-02
4.913867973896964697e-02
5.039902734326955763e-02
9.724524189736095947e-02
4.911982246417292974e-02
2.615722180867870866e-02
9.705569065170760457e-02
4.438513437819863183e-02
