7.588061449390985907e-04
-4.513786967003785957e-05
-7.762870063585049392e-04
-1.240252929521897343e-04
-7.300062080561278309e-04
-7.677943535379912286e-04
-4.540182081373303713e-05
-8.402160799836785009e-04
3.193431284698125690e-04
-2.215466545253738239e-04
-1.327867401771256175e-04
9.761241253192243575e-03
-2.476282134078456026e-04
3.658029116926574901e-04
9.984602456349828126e-03
5.229911464032983734e-05
-9.509002059988818506e-03
7.993888218784318996e-04
-2.689551565536742964e-04
7.203085626959854172e-04
-7.915852695991471835e-04
-1.011505990084137115e-02
6.386571579006033398e-04
-2.822883342585087349e-04
-5.146977582562486513e-05
-7.273536052128413499e-04
-6.256741352621619312e-04
-9.902732432726988709e-05
-7.453274777676720513e-04
-3.956047866963302470e-05
1.922576193845959526e-04
-1.830044263781215150e-04
