9.775160136345246997e-02
5.057326382072423188e-02
4.112179964470971671e-02
2.653565238930150408e-02
4.271545065154794263e-02
9.841380723209529335e-02
2.644073740680914775e-02
4.103774071334048007e-02
2.921516538137746213e-02
3.734560214399735428e-02
4.698586215885956763e-02
1.728677046717240831e-02
3.742897867983766003e-02
2.925743399057086080e-02
1.725565996583922415e-02
4.677685498841661210e-02
1.744260712578302522e-02
4.620246021038851986e-02
3.740517026364342801e-02
4.013362662569863043e-02
4.607458078789410799e-02
1.718768107138212917e-02
4.007898288330829367e-02
3.737826301852006927e-02
2.649462578621359504e-02
4.950887615210206733e-02
5.010181963848395204e-02
9.826799355175204476e-02
4.943315904184836934e-02
2.650365894852392545e-02
9.703211029025601841e-02
4.324201455136020972e-02
