9.802797674842339548e-02
5.140377776384979364e-02
4.167126575792417381e-02
2.704893502488205093e-02
4.308620163124238928e-02
9.751616176120549151e-02
2.695744580204760543e-02
4.168827450415888564e-02
2.912301365475059370e-02
3.657971217356621729e-02
4.625058461302457985e-02
1.745627372690085680e-02
3.647370000512325378e-02
2.906653276853886012e-02
1.711886141353681154e-02
4.610899873702727081e-02
1.721564499671164941e-02
4.707329901620826290e-02
3.653274706145986928e-02
4.014327622810526935e-02
4.695579774814307578e-02
1.736769701604717539e-02
4.015241457953060839e-02
3.641214838397736214e-02
2.688026862633779643e-02
4.988534174697144274e-02
5.090872265193939483e-02
9.763492265189148422e-02
4.999535045391122201e-02
2.687649943087640561e-02
9.849819971702325483e-02
4.355316794951762799e-02
