9.776795537791099864e-04
5.214608278309172716e-04
4.077799518558298197e-04
2.892937411593376074e-04
4.227037606505363405e-04
9.771361639097744019e-04
2.886405503313239701e-04
4.070023414919970105e-04
3.385854218718544785e-04
3.518059876200268945e-04
4.584008252316205349e-04
1.570374746045533651e-04
3.518056834740523214e-04
3.387467406084422074e-04
1.568532587581716658e-04
4.577856590468756077e-04
1.574368237676106858e-04
4.614568108181338335e-04
3.515143889916290377e-04
4.102689118605207220e-04
4.612081337945050496e-04
1.570851150448842682e-04
4.101851066316030466e-04
3.517997656871856092e-04
2.898434614262253772e-04
4.683086805178653827e-04
5.052475586594707985e-04
9.814011863079315570e-04
4.676110800952643976e-04
2.891394536408324156e-04
9.731800667133879909e-04
4.404963362860226479e-04
