6.704540355191735551e-04
8.535847648693582843e-04
1.781522932619288176e-04
-3.520661193341338019e-05
4.434065946933084083e-04
-1.084644364002469231e-04
6.940784179393517104e-05
1.988488327855993012e-04
-2.965652463851073482e-04
-4.158843918412128424e-04
-5.239267153884238177e-04
9.486296400168242257e-03
-5.060165891634208239e-04
-2.993318255466546484e-04
9.925556192339214309e-03
6.080250553800729168e-04
-9.676328438491114611e-03
-5.418966184906325598e-04
-4.665318752911195958e-04
5.063443355245847080e-05
6.469222644140102969e-04
-9.934587574943474705e-03
3.962706305292117273e-05
-4.589278047164898743e-04
3.872215808626543198e-05
2.198944197937235923e-04
3.586325787871759603e-04
7.873485941300307610e-04
2.009130833058516568e-04
1.181352100746748524e-04
-1.348600092396542820e-03
9.438783169035145975e-04
