2.933796137627475866e-05
1.365262319647812892e-03
3.654389365062008692e-04
2.626922694003340974e-04
9.134916745613363672e-04
-7.693616685944795665e-04
2.214422018892575888e-04
3.548635670805642766e-04
-4.743554633587669178e-04
1.886569414513441470e-04
1.095859425359005904e-05
9.522959064013078803e-03
2.768493457431824207e-04
-5.022810776369337040e-04
9.997480380202049960e-03
-8.668708827867029499e-05
-9.557971491029586958e-03
6.192873067263497721e-04
2.515559169220674476e-04
-4.837124906034645576e-04
-6.021541668989428353e-04
-9.969178193201876786e-03
-4.702469272660672714e-04
2.068656326720717472e-04
2.466288699315444277e-04
1.264748028408333500e-05
9.176206218382232339e-04
-2.543032551301762571e-04
4.291050728221325935e-05
3.376106594058332828e-04
1.031034467707246313e-03
1.409306360983392193e-03
