9.747915276602252179e-04
5.254430631933127826e-04
4.299122430299996212e-04
2.726460895419456675e-04
4.327176424302257678e-04
9.696647284515232416e-04
2.716442464000144632e-04
4.285476046900370717e-04
3.203243158393519370e-04
3.612688937314661509e-04
4.616863537141203825e-04
1.636765133945960917e-04
3.610974276801514411e-04
3.198014200334095124e-04
1.624718160705557462e-04
4.599182094569653051e-04
1.626656042133718964e-04
4.607819622965662215e-04
3.606123212300125971e-04
3.993540384610113248e-04
4.577432976266743755e-04
1.629639405166953320e-04
3.992640350751806930e-04
3.607654646838124582e-04
2.715825862134830051e-04
4.922551163725834809e-04
5.113356262386960140e-04
9.706033798267746371e-04
4.920731913188815167e-04
2.717607775730954980e-04
9.719217486494627833e-04
4.500965966173729998e-04
