9.749038712435993464e-04
5.130908866285948788e-04
4.233085393665615660e-04
2.623929538161528683e-04
4.295808635018317145e-04
9.809192036961539296e-04
2.615040764977245185e-04
4.222791539599883809e-04
2.955605578428990399e-04
3.706665021314255962e-04
4.684675800438890315e-04
1.700488093903480206e-04
3.707180723365019926e-04
2.942839717061933747e-04
1.706419482018889085e-04
4.676968038354018626e-04
1.718085889577817876e-04
4.684370306361318025e-04
3.697708316425483434e-04
3.969885201418555049e-04
4.682636969175565001e-04
1.703862393490153165e-04
3.965881245137983248e-04
3.695262753582354118e-04
2.604536397920983234e-04
4.953092463232864045e-04
5.040659276652751557e-04
9.679506952913579905e-04
4.949055018807748058e-04
2.607559515908412741e-04
9.767665760080505074e-04
4.393256036284893824e-04
