9.742608530484210853e-04
5.192906005987695537e-04
4.358532598715371474e-04
2.663113379101098650e-04
4.308802773747765435e-04
9.810102902715548811e-04
2.654104516808409990e-04
4.349563201725459879e-04
3.098960890707273450e-04
3.683297598604466758e-04
4.691422657311233326e-04
1.686861304439180140e-04
3.684770387965116060e-04
3.090746850032909088e-04
1.658391091181491501e-04
4.685583557110658496e-04
1.664001506833179343e-04
4.649383288045114224e-04
3.685823026821122327e-04
3.936223840959192886e-04
4.640251921798158063e-04
1.688101866573361040e-04
3.937432782885238449e-04
3.682669197391473786e-04
2.650299070753637273e-04
4.939392123347778954e-04
5.055477510554486987e-04
9.818505967594856176e-04
4.938156299786268695e-04
2.656994217077876595e-04
9.701276789300844515e-04
4.464841936346265923e-04
