3.046858540105089937e-03
-4.007405797618027090e-04
-3.535199537370062556e-04
7.833392259614159762e-05
-4.276426438712747067e-04
1.970467246909958243e-03
1.192570217557898510e-04
-3.296911509880254797e-04
4.963884296176239788e-04
4.477051047970576119e-05
-1.473467896486516104e-04
9.860759522385640144e-03
5.943845427696426055e-05
5.488193233659598548e-04
9.726096305084187127e-03
1.212504385837785947e-04
-9.326094908444257370e-03
3.096205549933490550e-04
1.145691735472147684e-06
1.205622169944913608e-04
-2.488634321112428841e-04
-1.025033693371838785e-02
8.475570356106091642e-05
-2.084441296545441389e-05
1.808213940883335492e-05
-3.264823247212637219e-04
-8.370735997289296309e-04
-2.996293326741757048e-03
-3.716357353077195946e-04
7.374213033362240718e-05
-2.059953058543204357e-03
-1.044367863088071293e-04
