9.747195567906995206e-02
5.166737565082429873e-02
4.204158864106955634e-02
2.665453764318628793e-02
4.330474945272642928e-02
9.795472541358142549e-02
2.666821536378385579e-02
4.199456734691158627e-02
2.956139632591622476e-02
3.703329819018862101e-02
4.669820352970627253e-02
1.715128997034108191e-02
3.703367685566723300e-02
2.953288593850824512e-02
1.727744952555803834e-02
4.657724117370485445e-02
1.742780180733384879e-02
4.694732057179076823e-02
3.704374448160709099e-02
4.050761747389790973e-02
4.678234707926617192e-02
1.727541177170394127e-02
4.040279602605116593e-02
3.700099330384573615e-02
2.671815146757229240e-02
4.945446579868706394e-02
5.112825100177204041e-02
9.825114896862933989e-02
4.940008516894504181e-02
2.659781635794561741e-02
9.696694355468260529e-02
4.392660568847278624e-02
