4.285895237240304511e-04
3.847565211713526974e-04
-6.207992169498362462e-04
-1.283595326817721816e-04
-2.223519038373540809e-04
4.791807097608323583e-04
-1.892673497430315624e-04
-6.039997959182940830e-04
7.070020511419526567e-05
-1.434410486085817163e-04
1.107398312594278802e-04
9.637588974945935499e-03
-1.472376971818871048e-04
8.454118833590249936e-05
1.001210332192543559e-02
-5.983032239911493394e-05
-9.577375879067371797e-03
9.359890542654687728e-04
-9.992684188848623042e-05
6.663891376295871761e-04
-9.177671984563538863e-04
-1.005353802340632624e-02
6.870183458812391918e-04
-1.652112798099082496e-04
-6.077959055656914346e-05
-2.188175591094272427e-04
-3.760769984893019657e-06
-1.599247826529380566e-03
-1.531812841587771115e-04
-1.001678067747902625e-04
6.971792429537598942e-04
1.367553260575848906e-04
