9.636297880010809714e-04
5.199162891249311776e-04
4.143534660188981215e-04
2.819425453031716277e-04
4.308354901375272081e-04
9.759364260815273215e-04
2.810344534457353801e-04
4.137222259780240475e-04
3.293938874586184559e-04
3.548386028081457460e-04
4.532291110911592551e-04
1.579179056897138855e-04
3.539264611633319269e-04
3.282974830964085979e-04
1.583808782865665061e-04
4.514266617779898812e-04
1.579043172292049794e-04
4.571441326463964567e-04
3.546917813368354782e-04
4.015490830478198828e-04
4.552304773839257286e-04
1.591593252413184680e-04
4.017695696666835712e-04
3.535682626045345942e-04
2.806054638544343153e-04
4.812073652521369014e-04
5.044982786039440940e-04
9.752093479471067757e-04
4.821774905639057154e-04
2.807410583247787507e-04
9.724704158108403136e-04
4.483689749910364070e-04
