-5.804413878972560989e-04
-1.154681282569206598e-03
6.358141015018591718e-04
-1.607458353703228901e-04
-1.163277623038449712e-03
1.381487858660396294e-03
-9.143580675622773495e-05
7.166023138173502468e-04
-3.624464808227458685e-04
-4.472211966753679468e-05
7.534646118122540924e-04
9.829842895178518211e-03
-5.358989645490452874e-05
-4.080289072590051773e-04
9.848723032904401625e-03
-6.133468027573385408e-04
-9.479864111612508470e-03
1.566145615439187204e-05
-7.022527369610886690e-05
-9.165817766378171793e-04
3.407064759899467040e-05
-1.016141591635854637e-02
-8.731117566184619849e-04
-1.000181607645968154e-04
-7.187333407670859270e-05
6.142701778968332089e-04
-1.661113562432506470e-03
-1.018560763509055871e-04
6.295077655565023758e-04
-6.147702670139484655e-05
-6.561599306972575605e-04
-6.457877281009770680e-04
