-9.393764001796716398e-04
3.964914100936991342e-04
1.638231968313283427e-04
1.973040325763048062e-04
-6.153925052614161539e-05
2.648263271508199588e-04
1.902904831839632137e-04
2.080061438447609998e-04
-8.361069812453082132e-05
2.094017293239261858e-04
3.816460713839854585e-05
9.765145124254484554e-03
2.021079510738199136e-04
-7.082995313952205674e-05
9.961920659341360132e-03
2.705592986005746347e-05
-9.491210280395293714e-03
9.010161893348501332e-04
1.856714624622467387e-04
-1.345132773569557392e-04
-8.346591934984133295e-04
-1.015217448793992970e-02
-1.808793466411342816e-04
1.808127623073042518e-04
1.498956944418509886e-04
-1.599367510054869464e-04
-1.014751614790535716e-04
3.711416342312073369e-04
-1.904678367988016830e-04
1.562508798237160286e-04
3.001027276457580539e-04
4.816781550096561849e-04
