9.859864344693158866e-04
5.197688827057781423e-04
4.110901086496323372e-04
2.833957515634468729e-04
4.268134216093408175e-04
9.892471280649945461e-04
2.829577611609153517e-04
4.102394716042732253e-04
3.320799256008633059e-04
3.529389603018310163e-04
4.643167196443662788e-04
1.587836087822043225e-04
3.527394494155077637e-04
3.317496426160806804e-04
1.587758264005600950e-04
4.628679949273658612e-04
1.583712998376643596e-04
4.613110779225393539e-04
3.518767246595867217e-04
4.083907626651661670e-04
4.595297363388665328e-04
1.581143594929115923e-04
4.080865234759559917e-04
3.523028295816177857e-04
2.821398703991578492e-04
4.735959273715934122e-04
5.064953004266605809e-04
9.868773020110851307e-04
4.729557473537199263e-04
2.819603999554039101e-04
9.853194006525331939e-04
4.434908037832019411e-04
