9.779074950656106713e-02
5.232715228601397123e-02
4.009422112621550960e-02
2.896487945656489940e-02
4.287193270912356691e-02
9.840247141618950477e-02
2.890148296689874774e-02
4.006188133096291043e-02
3.416690582817999422e-02
3.456377121451757045e-02
4.574677774653404527e-02
1.562409872646395442e-02
3.455028695197993882e-02
3.402949750497811371e-02
1.562149380766346927e-02
4.574559464607588777e-02
1.561664947719515820e-02
4.585067654410411586e-02
3.454355778131264210e-02
4.114348976174993233e-02
4.564618060550448136e-02
1.564096707876006659e-02
4.109556457998885665e-02
3.451821686164846525e-02
2.883730682899062966e-02
4.587555118056563241e-02
5.092439184265459828e-02
9.789192570507611324e-02
4.588476409594881289e-02
2.886418632800514389e-02
9.825071799319122501e-02
4.453017126875510878e-02
