1.349414035182893660e-03
4.223771158804128889e-04
3.267732289018008174e-04
-6.841522439887131224e-05
-3.762906174828751517e-05
2.527603135689598999e-04
-7.997907366093703809e-06
2.557907890796056816e-04
4.343048207177778583e-04
1.145861078881317275e-04
-4.841070563540533057e-05
9.700415102878145665e-03
4.139520846507255535e-05
3.268612946866374103e-04
9.952104967710253755e-03
3.315062418556211630e-05
-9.599504720622552972e-03
5.258933793646484610e-04
2.905840579600228843e-06
1.170906776953252508e-05
-6.003629370554130909e-04
-1.025904671729485629e-02
4.792289863620014754e-05
1.575279212179288624e-05
-6.923828706608091139e-06
-4.493066877796403667e-05
-1.687164110153328682e-04
-1.243984026405804905e-03
-5.008719203005338144e-05
6.853913847454182110e-06
-3.508600073921351202e-04
5.316080150871442447e-04
