6.622244991405180556e-05
-6.753928455790107830e-05
3.386643860527935963e-04
-4.098624451328488618e-04
-7.346578816212798830e-04
-8.168893395832542621e-05
-4.111105560648061386e-04
3.980172232730706263e-04
-2.031985891798505797e-04
-1.053719925977475441e-05
1.319219116234527918e-04
9.506375758752856620e-03
6.030419654363282687e-05
-2.188869191108740295e-04
1.024685852478574195e-02
-2.600621771603864904e-04
-9.804379389524357433e-03
1.215854341868381983e-04
2.716937515854656596e-05
-3.120461149901521255e-04
-1.828071978590406477e-04
-9.938898238905858468e-03
-2.588318955278395492e-04
-7.102835013820599434e-06
-4.067419177904755775e-04
6.965526515087138619e-04
-5.792449325281954229e-04
-4.664168919439846961e-04
7.134787420411545711e-04
-3.340232349103792043e-04
4.339464793332916954e-04
-2.717892904813330886e-04
