9.747529791642407793e-02
5.165708290754465054e-02
4.322031856038589803e-02
2.629509069361818038e-02
4.320743653746875884e-02
9.645966545743245302e-02
2.627387342560703193e-02
4.320869087244025991e-02
3.067639195558721082e-02
3.734060160192290839e-02
4.614030731229379345e-02
1.692626094412272297e-02
3.728240724898351094e-02
3.060766300319492719e-02
1.661456888389006847e-02
4.609533759611983417e-02
1.681797253155636537e-02
4.645962885122012498e-02
3.733523108025693649e-02
3.930216345107918202e-02
4.636023250936669587e-02
1.675304833550637224e-02
3.924018553985435948e-02
3.733377951821165164e-02
2.626123080693548717e-02
4.957310507141877293e-02
5.043826145166476621e-02
9.676138282368954013e-02
4.953160570032141136e-02
2.622282073209596456e-02
9.677828880338838757e-02
4.465268311803852891e-02
