-3.368467714159367916e-04
5.641768782696299830e-04
-4.335100119313405878e-04
-1.401408974338628425e-04
6.649577471186894888e-05
-3.973643673642949484e-04
-1.827624317628515961e-04
-3.931048658301895772e-04
5.213249155100283406e-04
-4.207071718916808163e-05
1.662512261900520310e-04
9.503855014270295304e-03
-6.407974361228776095e-05
4.899967387778982617e-04
1.012071672025421747e-02
-2.106834739917593302e-05
-9.766032196535663623e-03
3.855912533554301837e-04
-7.474264177694510142e-05
1.465712509753101312e-04
-3.008820709330362834e-04
-9.944189939098497730e-03
1.129253224372464928e-04
-1.165966041467219683e-04
-1.608940651350389587e-04
-9.775268041285107862e-04
3.193186178468110609e-04
1.945851311479884869e-04
-9.318992492338683828e-04
-1.424387272093212376e-04
5.577989214185824669e-04
3.244817452505355986e-04
