9.643578960038820883e-04
5.094152195554927515e-04
4.318937288932987793e-04
2.600045460763475381e-04
4.248882284600715548e-04
9.740157510398956978e-04
2.603632752290775394e-04
4.305800479756387755e-04
3.046373127624265437e-04
3.737480163430609379e-04
4.617756458912552911e-04
1.671981341619175720e-04
3.744568326999451373e-04
3.039670747202147553e-04
1.688980888890461156e-04
4.617643513913095832e-04
1.681124039597619007e-04
4.726237082996770258e-04
3.736401001301314071e-04
3.907011510790988555e-04
4.719362177428546739e-04
1.686488457702887945e-04
3.901598609528418452e-04
3.734614841466102342e-04
2.586786784548400302e-04
4.927770396317637065e-04
4.982773345497591927e-04
9.726394473423266704e-04
4.914509838023360840e-04
2.583920990215261967e-04
9.681763270570120693e-04
4.394044154899258404e-04
