9.722115505143311132e-02
5.112203602156340648e-02
4.140978799279041583e-02
2.651048771320229161e-02
4.315165468230621609e-02
9.758595794207053364e-02
2.636663783019014759e-02
4.136628202656576075e-02
2.921522792447943037e-02
3.719735886254953855e-02
4.722313095013480622e-02
1.707813906360585235e-02
3.709636420971511306e-02
2.911628362686214874e-02
1.704995302027951729e-02
4.712441557368012013e-02
1.706959312248973459e-02
4.658847260666593160e-02
3.705712835380888664e-02
3.987655555378854383e-02
4.649029959409513996e-02
1.715134207332094651e-02
3.991418889245534896e-02
3.702697086190236131e-02
2.627435273638589058e-02
4.968077115118616632e-02
5.063424193774363619e-02
9.754097243791327865e-02
4.970608857935747416e-02
2.625446838937542382e-02
9.734614336309134475e-02
4.370617307772072663e-02
