9.734027836333849094e-04
5.103091673783005872e-04
4.088129012129748403e-04
2.640965996710367453e-04
4.311757693967433152e-04
9.688668753440440786e-04
2.638007454025328448e-04
4.077226741830321114e-04
2.896720130413812759e-04
3.649242330244269888e-04
4.704238464286583698e-04
1.703679306353849071e-04
3.636883833721945907e-04
2.894417596386221697e-04
1.720183218434228895e-04
4.701354035067240706e-04
1.725961932320624434e-04
4.697942171662102483e-04
3.639416092993235643e-04
3.999159319359053269e-04
4.702791177093081630e-04
1.704348880838788308e-04
3.990215492920641451e-04
3.638944301308637838e-04
2.632793980540315743e-04
4.978870459525902830e-04
5.062905454600408021e-04
9.669102834715064378e-04
4.987949623457004107e-04
2.631164455283094825e-04
9.704180747590444595e-04
4.354068986958542237e-04
