9.667534690868626046e-02
5.099258912539682970e-02
4.131987398539594541e-02
2.645138521780854984e-02
4.306007993601360800e-02
9.589738851029597222e-02
2.646421386685117796e-02
4.126913021173352764e-02
2.913855358847976945e-02
3.628342678169244051e-02
4.628133778024757367e-02
1.696069700189334339e-02
3.609632123658421815e-02
2.920611101261310141e-02
1.692363268939091336e-02
4.625636840169366354e-02
1.710591134198281502e-02
4.724279955350162846e-02
3.605325140010191831e-02
4.017502101340416493e-02
4.718436483546977617e-02
1.691492505403345559e-02
4.009277937721895946e-02
3.601753791691186812e-02
2.633107728160435576e-02
5.043157179637178245e-02
5.051911501115186054e-02
9.629712838727771951e-02
5.044431242093193324e-02
2.618306292520536024e-02
9.626695286925834871e-02
4.371435989362218444e-02
