-4.874106865043056837e-04
2.013740555204915654e-04
-4.634092090109770043e-04
-4.727010471017899023e-05
-1.838960647586255072e-04
4.265024140424148185e-04
-2.915926204278761509e-05
-4.314267617109437221e-04
-3.160483495146931008e-04
6.690447844701527774e-05
-1.814270335308910184e-04
9.608177185760409522e-03
-5.180679014834004425e-06
-2.579379513867777023e-04
1.004220222639733845e-02
1.198412500919248373e-04
-9.775992890213684727e-03
-7.177270338734370426e-06
-3.377822153669956260e-05
2.716361800621638683e-04
-7.066783322334063125e-05
-1.011584204010866801e-02
2.447894735516410736e-04
-1.804255738382588332e-05
7.240266774201746855e-07
-3.104697310319805129e-04
-1.648856497321361803e-04
1.183773425900002952e-04
-2.471103210496350486e-04
-2.227908582576084014e-05
1.806133958210472714e-05
1.878120172342532602e-04
