9.831099536371182973e-04
5.090240941004950392e-04
4.154032350039415524e-04
2.701890922961274442e-04
4.289242915135076301e-04
9.669111306690711437e-04
2.694487282761674394e-04
4.143922813613515072e-04
2.936569812848278580e-04
3.718208388089922368e-04
4.708146474963849143e-04
1.723575716206924473e-04
3.722860085732634028e-04
2.922936313555454281e-04
1.722569798006559183e-04
4.704034541380634608e-04
1.724666802726870839e-04
4.683940789090307462e-04
3.732322262707511934e-04
4.021043480303450194e-04
4.680934845749134448e-04
1.721888595707720489e-04
4.024774772273751735e-04
3.725481202527476448e-04
2.689163532266522581e-04
5.030672901095287934e-04
5.040899923882104445e-04
9.754204590977496800e-04
5.022623151071821650e-04
2.691649809826203985e-04
9.715002507424716320e-04
4.355490394628371053e-04
