-1.693598545921220925e-03
-1.539511649985456326e-04
5.798021690064672788e-07
2.197532670673566413e-04
-4.635717089148943138e-04
-1.653010405152431899e-03
2.115499866352350225e-04
-4.091113199070756361e-05
-2.879112842256434162e-04
3.949249708027098701e-04
-1.718289690329685682e-04
9.476921862075604608e-03
3.913865248431731229e-04
-2.748093844943061219e-04
1.003230237228974926e-02
1.536909811292211619e-04
-9.868717802120114194e-03
8.550333902165878266e-04
2.666285801784539270e-04
-1.460972941039985951e-04
-9.033460514812781915e-04
-9.902777525930904490e-03
-1.925617646862255565e-04
3.019282620745746340e-04
2.566003765860886505e-04
3.249494494266330028e-04
-5.699180076790034705e-04
8.116315684125281684e-05
3.251065326133722165e-04
2.603578899233092666e-04
3.291217156451863544e-03
-4.859281364922291268e-05
