-8.190593172151446879e-04
-4.933929941451537264e-04
5.864410191227049842e-04
1.400418789878403415e-04
-1.028934007636316504e-03
-3.570351377301274462e-04
1.029130855240146776e-04
6.201671958822069664e-04
-5.563489987508138163e-05
-1.578949905819876419e-04
-1.057434747838311269e-04
9.914796459748527468e-03
-1.974846177652919601e-04
-4.283984212393299304e-05
9.968667628348210769e-03
2.431038559942909859e-04
-9.463481025176929268e-03
-3.814119021703561187e-04
-2.016658705991924430e-04
-3.223043244407937120e-04
4.847252135761225315e-04
-1.013248788325452933e-02
-3.201129669971301025e-04
-2.817669123811529681e-04
1.759802221993171927e-04
-1.289724827639978700e-04
-9.367425506996638869e-04
9.431412438358691272e-04
-9.811606032003861698e-05
1.572470624425791638e-04
2.841089912288161882e-04
-5.854299473648506792e-04
