-2.209608273654445516e-03
1.051947284681025135e-04
5.109481696620886464e-05
-8.582520700392845612e-05
-3.507032959848898701e-04
-1.750628388772196677e-03
-1.389015598154102863e-04
1.107065504559375115e-04
1.825651781599287157e-04
-7.542054043919057106e-05
4.834847637634676260e-04
9.733414373183245719e-03
-6.836798332132137273e-05
1.912377062971215905e-04
9.882181256732987598e-03
-4.336123883704403486e-04
-9.550322286775171296e-03
7.317205047349513653e-04
-2.515457970245026827e-05
-2.937901821154562782e-04
-7.466947937573923917e-04
-1.016792264697397030e-02
-2.251061243391469524e-04
-1.101685354548197313e-04
-4.976614375494691546e-05
-3.586528662124138572e-04
-2.601583591691773354e-04
8.152104673278642551e-04
-3.336467431207992135e-04
-2.810487609268651611e-05
3.215406637897214731e-03
-1.038091832458002358e-05
