9.573965409426031092e-04
5.057166341545502909e-04
4.154479108481573643e-04
2.672602381947666037e-04
4.295339984275967928e-04
9.620682500954096106e-04
2.671297941271565135e-04
4.148617170768610900e-04
2.915396938803143734e-04
3.690941068730259323e-04
4.622824755396950274e-04
1.703563698176220620e-04
3.691837013644062014e-04
2.910469079756198662e-04
1.698513740268789104e-04
4.621763582479200051e-04
1.703782139343692711e-04
4.649239069113326062e-04
3.689579853501704330e-04
4.045044484811487857e-04
4.638872958181764448e-04
1.697079060259912178e-04
4.039501279232499890e-04
3.683421907968938190e-04
2.667365389148747506e-04
4.993006848991808199e-04
5.017650663261779935e-04
9.615108821333590364e-04
4.988686722286313430e-04
2.659285578939910607e-04
9.599884687252791286e-04
4.342265105221860622e-04
