9.611909784245381561e-02
5.071736601778806253e-02
4.311892623565658639e-02
2.601261706272545854e-02
4.268286803342184743e-02
9.720316961403339950e-02
2.607015150683768615e-02
4.308079516214509408e-02
2.993136933679324194e-02
3.741828826292508542e-02
4.688014547545765742e-02
1.684719234081254874e-02
3.740075816208048715e-02
2.994603920624532706e-02
1.689403500533507435e-02
4.677236888934848541e-02
1.685592903475587392e-02
4.637480654843943728e-02
3.743744085528543514e-02
3.945333814935940431e-02
4.623158937579662647e-02
1.692612330476655352e-02
3.942127792490009164e-02
3.741316420039839108e-02
2.603624779379947601e-02
4.974936512587813803e-02
4.982562078777537373e-02
9.643454510081908571e-02
4.972585072794583061e-02
2.591000123087513693e-02
9.707684898549484576e-02
4.386639937078351537e-02
