1.203007197404737600e-04
1.948862083260073143e-04
8.693337271203059342e-05
-3.309099897902753476e-04
-5.522626424610340042e-04
-6.168936329390164964e-04
-4.026154685107027746e-04
6.289185424989146447e-05
4.389695503418882498e-05
-5.836958097083978390e-04
-5.311777714621733048e-04
9.623804091334203781e-03
-6.068423124592141164e-04
5.536782961631000327e-05
1.003481081217633304e-02
7.186160481824966674e-04
-9.662226269405844309e-03
1.426496840802812002e-04
-6.591205095026264138e-04
2.935236609772456625e-04
6.695699492823005384e-05
-1.004872267194110991e-02
3.073698952810332186e-04
-6.137902598371067090e-04
-3.099581075636670554e-04
6.945938773788332506e-06
-5.012221153660195326e-04
-2.052142036742608377e-04
3.116464423944156063e-05
-2.919228046523661283e-04
6.143383109014136350e-04
1.551709189044970019e-04
