9.725725924662756905e-04
5.207556687565983002e-04
4.193500939964618472e-04
2.702206887694342261e-04
4.321411655843635847e-04
9.629641877795709366e-04
2.709989888531708926e-04
4.184288253158274925e-04
3.160757408776109683e-04
3.667268249461974518e-04
4.611512263378392891e-04
1.617568766674932254e-04
3.671227264650909366e-04
3.160096833733717415e-04
1.608260813918557742e-04
4.615048175986587024e-04
1.622714502102295486e-04
4.620487788857826445e-04
3.666991678653426729e-04
3.988994624832301831e-04
4.601977439296165025e-04
1.611681701197921132e-04
3.979555644012491736e-04
3.662046771717229038e-04
2.696353866233986091e-04
4.770798517550766706e-04
5.069249384564521567e-04
9.750319569112106529e-04
4.771877982034863365e-04
2.685953954847976875e-04
9.620341756994585207e-04
4.483938891226857968e-04
