9.662687132558915766e-04
5.125276534484299491e-04
4.250476826892342569e-04
2.612384505631820415e-04
4.290800092547227798e-04
9.716006323627553480e-04
2.604487005807472073e-04
4.243224990698088971e-04
2.970248650773553521e-04
3.754685818404303321e-04
4.706925858194504434e-04
1.701869722856377029e-04
3.749673010088563256e-04
2.960856058703510902e-04
1.711454259266140894e-04
4.686090725910228589e-04
1.725003722161313352e-04
4.668037933655434096e-04
3.753858911684061577e-04
3.923767032714063868e-04
4.649074547325689004e-04
1.701645607077562051e-04
3.918833011420549115e-04
3.748364291917304146e-04
2.591993238951023040e-04
4.927291790687110496e-04
5.018659357781586226e-04
9.660275330312068998e-04
4.930443303406674633e-04
2.595468386092763527e-04
9.679222409426622726e-04
4.409120781687419425e-04
