9.663821348627354589e-04
5.206986004720639931e-04
4.238348673675972284e-04
2.669326577491574386e-04
4.335409577225037871e-04
9.616820294993944085e-04
2.663201485102246915e-04
4.235587058584389586e-04
3.080860967566264241e-04
3.648277854738681534e-04
4.669281088251841334e-04
1.614744350559273926e-04
3.644024423505438882e-04
3.078294778931839250e-04
1.613459169146194477e-04
4.654011998126697720e-04
1.612767665199849282e-04
4.610210035215222559e-04
3.637637495000798043e-04
3.985519397604976371e-04
4.599042757683421013e-04
1.639092927968123275e-04
3.987384733385455947e-04
3.639660743206307768e-04
2.657711470100803113e-04
4.822839213783889668e-04
5.041436142659795269e-04
9.572550556875964161e-04
4.816862702316753570e-04
2.655288223032722505e-04
9.641851811792930297e-04
4.518086487829935235e-04
