9.706863076324209749e-02
5.058045987679203603e-02
4.170923542027821923e-02
2.656025408017012937e-02
4.262846626310939913e-02
9.761806269656388146e-02
2.643156581114079751e-02
4.165151624355303839e-02
2.932289652358883655e-02
3.699029036095757145e-02
4.641022869158679953e-02
1.704568083275977142e-02
3.702410838967907375e-02
2.924365044428905991e-02
1.710841623600465461e-02
4.641736823684531471e-02
1.721693043851663107e-02
4.662635441021573818e-02
3.694303218547725920e-02
4.049577631346837348e-02
4.654797632565291915e-02
1.722744419426045295e-02
4.052387819597720597e-02
3.694310863587271093e-02
2.637246180841682636e-02
4.980619245512064169e-02
5.010159283288627419e-02
9.753078879711700455e-02
4.971025558186423915e-02
2.630375892748887737e-02
9.758044503712764994e-02
4.312777412605472288e-02
