8.778804268705042669e-04
7.132379697090515842e-04
-4.564233991824119692e-04
-1.818260332473203194e-04
1.705627249095212426e-04
-4.020091365341740960e-04
-2.463168914398489715e-04
-5.334474796598796765e-04
3.785988876670243674e-04
1.534693037877195526e-04
-6.091513800849384264e-05
9.518615782263097416e-03
1.367337540348194131e-04
3.810644486110514330e-04
1.003457922408243670e-02
9.548730154744161452e-05
-9.686914464049725323e-03
3.996746246837135661e-05
1.918431503219265909e-04
6.115471409839594698e-04
-2.416634746788832294e-05
-9.747915743132596483e-03
5.596844920435229678e-04
1.003178667419015531e-04
-1.582577339305173256e-04
-3.263713436798453753e-04
3.898744038238468809e-04
-2.814311278164704708e-04
-3.618101810853758139e-04
-7.995789718440240730e-05
-9.122351020652193232e-05
4.434120363889351756e-04
