1.859335268367933499e-03
-2.004203576484716925e-04
-3.008498894089099165e-04
-2.189180624563935118e-04
-4.613501056873582445e-04
1.641799875536892762e-03
-1.977824185552651520e-04
-3.828066608920118190e-04
2.429563718743724782e-04
2.240733500533141696e-04
-3.383641804162584995e-04
9.776687410665559769e-03
2.148159181064929397e-04
2.090930203826018414e-04
9.962745778893594001e-03
2.433612874925515375e-04
-9.642747265094932241e-03
-9.555928462616060468e-04
1.479805404156371562e-04
4.281727098568697295e-04
8.381857368518771207e-04
-1.032444595951007363e-02
4.273170039031412397e-04
1.624693977386490018e-04
-2.187707471761247036e-04
-3.716823384832672631e-04
-6.251501914642504766e-04
-1.577381812500940755e-03
-3.970410727157154974e-04
-2.380058158516421669e-04
-1.959249258629331639e-03
1.056772402635035079e-04
