-1.015033826970905637e-03
-5.699762236250452722e-04
-1.500780741453445902e-04
-4.657057990586032617e-04
-1.329136769089734249e-03
1.435371429061753747e-03
-4.211354773099725782e-04
-1.191451909733231456e-04
1.026500593659784567e-04
-1.053744634204502729e-04
6.867226459700844594e-04
9.500548605357870754e-03
-9.817895813266197644e-05
1.175392775325006438e-04
1.006911577628560872e-02
-8.644540862485594699e-04
-9.801969665242483282e-03
-2.661177494076217469e-04
-1.694756850795945747e-04
1.305375541988059742e-04
2.400326099280340449e-04
-9.935596963357671077e-03
8.750210708955277804e-05
-2.224411728143531938e-04
-4.408202538566799509e-04
-4.384988230921432186e-04
-9.264138750541137590e-04
1.037730906364392339e-03
-5.371848367158689116e-04
-4.824787367636339860e-04
-1.435679809278706366e-03
-7.989157879243719918e-04
