9.675037995269228364e-02
5.133677238373531015e-02
4.127429263670136933e-02
2.662744914286965803e-02
4.340025161224914108e-02
9.701356253299556198e-02
2.651930425385240139e-02
4.120352061712368591e-02
2.913166710737942824e-02
3.627325997462693685e-02
4.662521399412727918e-02
1.725984199431222776e-02
3.626143544417678027e-02
2.904754376573632363e-02
1.724133794950446705e-02
4.660323369046350667e-02
1.729455022418769847e-02
4.672150007568912772e-02
3.620108751254467322e-02
4.050543897156059364e-02
4.653054569064234841e-02
1.724230893876326984e-02
4.050693681876225971e-02
3.616352583507381063e-02
2.642524865485915836e-02
4.974843073529447435e-02
5.099795877573975317e-02
9.729998060508400493e-02
4.969196235770218656e-02
2.643520052106682061e-02
9.731547354416771045e-02
4.376615817253659557e-02
