3.423368515451340177e-05
4.056128882285872173e-04
-3.519451580144524264e-04
3.613428802262702469e-04
-1.838770973236847234e-05
-7.075994993997064293e-04
3.032637357165645069e-04
-3.682854535134492762e-04
5.227062124180946760e-04
3.557498125722182098e-04
-2.619948697813229599e-04
9.628702411033132277e-03
2.911604405709067940e-04
4.594067247164675409e-04
9.966574017583414505e-03
3.111576257707113474e-04
-9.571596635932442046e-03
-1.729715394340116004e-04
3.400559952503017370e-04
8.192941908527700363e-04
2.137171836716832097e-04
-9.932754591018768883e-03
8.363007217232793378e-04
3.087353344030439699e-04
3.935299598517743897e-04
-1.572228303384528550e-04
-1.461084396774850577e-04
4.631270038399394606e-04
-1.543112213362862338e-04
3.845695992763645591e-04
2.961777728552732756e-04
4.596935086674765257e-04
