1.065419138856516738e-03
7.789313228654866925e-04
8.071876458249113262e-05
-2.436352319464742827e-04
-2.746600603121317295e-04
4.186960311833281135e-05
-2.755500562719331880e-04
1.100621789822879657e-04
-3.897391528844393511e-06
-5.278433074556873822e-06
1.947396773384465140e-04
9.613375026697594181e-03
-5.431985871008001849e-05
-8.082112173046089359e-05
1.008461398119574366e-02
-1.475173867456808945e-04
-9.517527242441618449e-03
2.247168933570117062e-04
-3.381763522031291924e-05
3.951261880772534082e-05
-1.630499604424197042e-04
-9.909771536387218874e-03
3.959019028589135165e-05
-1.406445907705303861e-04
-3.156978743168901373e-04
8.516858503953313034e-05
1.564213201222850293e-04
-7.562149418906648083e-04
7.718434024698436692e-05
-2.479110431972849607e-04
-3.779891375757920831e-04
3.379739969907855947e-04
