3.385669557915618874e-04
-5.403927335676593610e-05
5.722975432821116124e-04
-8.762669089674846165e-04
-4.334210355587543150e-04
2.938241053230899145e-04
-8.770573012535649426e-04
5.832316856965726829e-04
-6.336826770026673548e-04
-5.881382010828193263e-04
7.361447411745942104e-05
9.659715458183131334e-03
-5.663728355610260674e-04
-5.551349906463352423e-04
1.007916555097444072e-02
-9.679587862290380017e-05
-9.589194539495938044e-03
1.178271742085659464e-03
-6.331903968454213796e-04
-8.761914373713162616e-04
-1.248929454605766194e-03
-1.003408862996516861e-02
-9.446430651764941948e-04
-6.408505719770431945e-04
-7.931310650380711536e-04
2.453593588366556003e-04
-5.091429736127254602e-04
-1.132868767953869966e-03
1.927313284709047405e-04
-7.730360199741708122e-04
5.496149851033984039e-04
7.357909277819247196e-05
