2.099352450602726811e-04
-4.458557573435809073e-04
-7.571859080415102648e-05
-1.662331898178989875e-05
-7.915515671867910620e-04
-3.244303582459504107e-05
1.344319044442448204e-05
-1.678451885529467103e-04
-2.235308857803836350e-04
1.216390646954158730e-04
-1.116086226069327619e-05
9.872773935606121709e-03
1.007625734760624769e-04
-2.248542745471135580e-04
9.839303264709485866e-03
4.926834590803731077e-05
-9.417035778517247879e-03
1.124689053346114099e-03
1.189780947819159024e-04
-1.241717074501362474e-04
-1.021475355131446156e-03
-1.031048302911466777e-02
-1.679348150775420085e-04
1.303635885197970354e-04
4.717421266966635474e-05
-6.970708940865038812e-04
-9.348731715350696962e-04
-1.233089530709288728e-03
-7.004121274849973598e-04
2.784741055132344654e-05
1.061818788738232025e-03
-2.760588006924937312e-04
