9.585088875786143547e-02
5.121175268816108989e-02
4.209688383466140410e-02
2.670786434440334742e-02
4.301122003153306367e-02
9.597991688538871913e-02
2.660618145454649724e-02
4.204525951745688439e-02
2.959230894614871613e-02
3.755157169604414480e-02
4.726395427000839450e-02
1.731623459388953457e-02
3.754822806059820300e-02
2.958019790555947021e-02
1.698696959710724666e-02
4.702371128758865010e-02
1.716403212998237823e-02
4.670473488994782152e-02
3.753087779529189899e-02
3.947352908570648383e-02
4.658328412126779700e-02
1.721345287594790163e-02
3.940180165861856265e-02
3.748246018390452572e-02
2.662203830998786588e-02
5.019710675538041622e-02
5.037524924470223459e-02
9.569136594174265653e-02
5.015611155340390925e-02
2.660190278571906985e-02
9.584465570687386582e-02
4.397123904039484943e-02
