1.040010559473122194e-03
6.441868920576931641e-04
-2.842928165635036711e-04
5.062992639148547989e-04
-1.566642075220179512e-04
-3.942537742854034877e-04
5.058394616167820237e-04
-3.617041936705904883e-04
-1.017966100658808821e-04
7.353729343236819864e-04
-7.640421328785075008e-04
9.605280430670081956e-03
7.381943104940465574e-04
-7.422348723883919765e-05
9.806776720973946898e-03
9.542823782271606190e-04
-9.497339536827372961e-03
-6.281687932833323815e-04
8.227541664809399045e-04
-1.087827292609709905e-04
7.510200179014531359e-04
-1.011127014868054737e-02
-1.419729519261229988e-04
7.030930201547946207e-04
5.557701536357213595e-04
7.108436997178234882e-05
-4.001767174753739989e-06
5.011933157737857652e-05
4.109583453173177003e-05
5.835824716109244909e-04
-7.225996835013095716e-04
5.833130731927651256e-04
