9.874476192371152428e-02
5.078107367604670075e-02
4.304044621425879430e-02
2.618227359375280977e-02
4.307882367360103826e-02
9.723979136731497608e-02
2.611705111488520081e-02
4.293099599160298679e-02
2.995292589899714933e-02
3.780788100706421878e-02
4.694370355592217964e-02
1.693537218200359684e-02
3.774721215365778315e-02
2.987136303725868025e-02
1.701882923736981398e-02
4.686456096170048269e-02
1.708874968403494357e-02
4.705264949386287615e-02
3.774721436410619080e-02
3.950739884720523565e-02
4.689028636475377904e-02
1.700607173213305318e-02
3.945522538526537865e-02
3.775085200427275717e-02
2.605051563620077934e-02
5.004874009643000415e-02
4.991015384654447912e-02
9.779582499831344922e-02
5.006184358133788231e-02
2.602625123613473701e-02
9.800618684111943313e-02
4.400184185054911018e-02
