9.746683180250615124e-04
5.047612607899146751e-04
4.146999265340126886e-04
2.695748235483262320e-04
4.279904206205930434e-04
9.771563015989399078e-04
2.686967135429901734e-04
4.138802291780655103e-04
2.887486243779180417e-04
3.648875911471760689e-04
4.724065147418880328e-04
1.705537306181879301e-04
3.639506419601656190e-04
2.877868004536425495e-04
1.708608962408333118e-04
4.722774886416409353e-04
1.721641605535591496e-04
4.664066169282319631e-04
3.638639566666946701e-04
4.015547221246390411e-04
4.654776824515827150e-04
1.707000946494503346e-04
4.015288451943459973e-04
3.633488176192309371e-04
2.679835702070009862e-04
4.963392749464599603e-04
5.012902832119222772e-04
9.743776831311931185e-04
4.971703491005352755e-04
2.676572573430154706e-04
9.695254225382558474e-04
4.308193215053793767e-04
