9.675811455201610437e-04
5.082509745245852905e-04
4.234309997697438565e-04
2.635072025269996295e-04
4.237702926932251967e-04
9.724336295042475351e-04
2.643987766500633784e-04
4.227253776282857266e-04
2.991937615410585733e-04
3.772981662665431547e-04
4.689511442712739672e-04
1.698388999071621713e-04
3.761768430453017926e-04
2.984812690063909108e-04
1.734032086883922842e-04
4.699739765351080884e-04
1.713734563917191224e-04
4.772123039549002821e-04
3.762542532451095814e-04
3.987111922062626227e-04
4.779900634423035169e-04
1.725584348321934560e-04
3.972847528477679315e-04
3.759850061883507344e-04
2.632653506127304120e-04
4.997418668329698223e-04
5.015675603398967331e-04
9.724556342675902713e-04
4.999066842664856439e-04
2.625164867436629180e-04
9.734563435539160406e-04
4.334227311682096215e-04
