9.737658604516948035e-02
5.234226613389394989e-02
3.968929106703877885e-02
2.895894414181660048e-02
4.258774874418688738e-02
9.749689245457798803e-02
2.893549474095308272e-02
3.969511786215854793e-02
3.428304951724489569e-02
3.426751558269605646e-02
4.562972387268293684e-02
1.564714252309340470e-02
3.416122163724333305e-02
3.418005547320260296e-02
1.559621920433851283e-02
4.559583487249355832e-02
1.568558637333199168e-02
4.568230334618857830e-02
3.418729499541235672e-02
4.151045639941784715e-02
4.552370586148982851e-02
1.566737358261422255e-02
4.144440959902683658e-02
3.403651776001712093e-02
2.884743542315296172e-02
4.665153741835709189e-02
5.099199282867994398e-02
9.767638764899851112e-02
4.665269590892398566e-02
2.879015626080311946e-02
9.731032170684769667e-02
4.423017305414964073e-02
