9.662672618596394869e-02
5.120064858703984173e-02
4.307687591592953419e-02
2.691580609226098750e-02
4.259018875735856580e-02
9.779085245246525726e-02
2.677912909746914608e-02
4.293926392251570801e-02
3.088119030134843165e-02
3.661023378901014785e-02
4.578770958762934384e-02
1.644136351898218759e-02
3.661035099232071155e-02
3.082263685260052885e-02
1.635777347968661588e-02
4.575766833806556994e-02
1.648271360060071800e-02
4.692153653409295022e-02
3.655703412954465492e-02
3.956052773415433960e-02
4.679098198543456960e-02
1.646097329866150899e-02
3.953927459370043529e-02
3.664211681949725713e-02
2.683782284350568273e-02
4.912707645097443704e-02
4.974984404723784698e-02
9.812485489531887206e-02
4.906549005000095109e-02
2.678001142445765592e-02
9.677892213847641423e-02
4.417647169913239968e-02
