9.761709323995754195e-02
5.244006241371142879e-02
4.006179559371128573e-02
2.886087590670750186e-02
4.264368748479830523e-02
9.797549348077730369e-02
2.889866933034229354e-02
4.006808479872873280e-02
3.379236585281068794e-02
3.477280779300701702e-02
4.520475775691889381e-02
1.571595351112112932e-02
3.469582171392888992e-02
3.380573655489701318e-02
1.580195408747579397e-02
4.520945703811902333e-02
1.582310769795437777e-02
4.573965472572223689e-02
3.466667688210386955e-02
4.150086794459103418e-02
4.564648831564234455e-02
1.572628708153846894e-02
4.139660667216325807e-02
3.461329727362773279e-02
2.882512736955717900e-02
4.615051417254731336e-02
5.112190733800305031e-02
9.825203032269745618e-02
4.618176407629361047e-02
2.871226661720939835e-02
9.755818082124573243e-02
4.422615938641136224e-02
