9.663034917649293565e-02
5.117626812926689972e-02
4.295955571240394483e-02
2.618513712860282353e-02
4.292665653009217208e-02
9.651699374280146848e-02
2.618475487047504727e-02
4.296232912772453283e-02
2.966995344283784863e-02
3.767665462046182467e-02
4.659284505691282247e-02
1.688394779600866508e-02
3.753311282739404259e-02
2.965218410420233236e-02
1.715543520194692806e-02
4.648309738806095243e-02
1.700387496701006446e-02
4.638474534523909232e-02
3.755095304904796510e-02
3.913501596139288413e-02
4.616568790527617039e-02
1.691555152672348863e-02
3.900155290031320082e-02
3.751405729459986876e-02
2.603012468874444860e-02
4.961579764825116423e-02
5.011908388391985575e-02
9.660901527329913974e-02
4.964444599073945807e-02
2.596901462615367959e-02
9.642926397212552014e-02
4.428014509014104733e-02
