9.600430375595613063e-04
5.058304749012335457e-04
4.143328368444192849e-04
2.661662778680763935e-04
4.285525297785139310e-04
9.590847914377752552e-04
2.655543911547593927e-04
4.142137238240620753e-04
2.941642266711552863e-04
3.762890307811150989e-04
4.707312253736832606e-04
1.684210641206721566e-04
3.764080042540615722e-04
2.930854046196213944e-04
1.692570192773722561e-04
4.689546696459962025e-04
1.679262515914685427e-04
4.752940646152207464e-04
3.757332185168273564e-04
4.016088682339509020e-04
4.747181645429915408e-04
1.688535348177192224e-04
4.007509125498626710e-04
3.754579042760604378e-04
2.643455964407953303e-04
4.965816879462047308e-04
5.002279187568997761e-04
9.633880108857503354e-04
4.952516832285658917e-04
2.650755076857805466e-04
9.620444632514328805e-04
4.358654540263207327e-04
