9.705260716938672594e-02
5.094482763181710366e-02
4.159170792688738488e-02
2.664930620556193314e-02
4.290182409158825594e-02
9.737881341357904064e-02
2.658831298862057713e-02
4.154097640974729194e-02
2.897985365267335967e-02
3.688498851937085932e-02
4.663959641485369151e-02
1.726249893994837026e-02
3.678316334298444706e-02
2.900751927266440391e-02
1.701807198744725858e-02
4.645134306211631814e-02
1.716287071632724426e-02
4.693589181269650079e-02
3.672297481020592169e-02
4.033511705136092612e-02
4.686600847917626184e-02
1.744391836212685898e-02
4.028426075497778397e-02
3.671932510674757316e-02
2.647641756871896984e-02
4.980028334302474824e-02
5.039019910686486775e-02
9.698578099740078062e-02
4.981285533783495756e-02
2.635479907659970047e-02
9.778787913563501133e-02
4.347854787878638327e-02
