-1.350994897826542822e-03
4.930235694398553891e-04
-2.747108612856314150e-04
-1.106337270037521168e-04
2.313768157322979144e-04
-1.573753021493481691e-03
-1.443119649045924662e-05
-3.147102488120345071e-04
1.418071754943933834e-04
1.781136485860127579e-04
2.297223108078702656e-04
9.481626771498817899e-03
1.935568308135032279e-04
7.419866618414781411e-05
1.009475974466967317e-02
-1.405343062760496540e-04
-9.576859062897144156e-03
1.697115709341719169e-04
1.226722052819604507e-04
6.634126749203831958e-04
-1.898140826320252007e-04
-1.000875577859151010e-02
7.260588864393889260e-04
1.215207441205916848e-04
-1.927421961169591648e-05
1.423865451431605275e-04
1.871726102974022310e-04
1.491217931335527339e-03
1.739973789029509879e-04
-1.313738785878987812e-05
1.441605234712223498e-03
5.326392288096301044e-04
