9.630005387676454642e-02
5.112719844959735804e-02
4.362343190737116849e-02
2.641075229978078615e-02
4.267840581264346900e-02
9.684169046533813718e-02
2.639830407504690710e-02
4.355629720567863461e-02
3.002044218234260417e-02
3.821495804568569854e-02
4.667764842472879594e-02
1.674335178616829026e-02
3.819492685419866723e-02
2.996991492561885614e-02
1.685125949655571012e-02
4.665229569592983100e-02
1.674958537492420713e-02
4.641571892996405185e-02
3.820473603655413775e-02
3.923520392682187247e-02
4.631424316480416831e-02
1.694347525980029884e-02
3.913884088119859439e-02
3.821418121920860944e-02
2.640555050828390440e-02
4.975719935281396750e-02
4.989208343960337133e-02
9.650425446285670894e-02
4.969538180021441237e-02
2.634103794896701031e-02
9.660014482734129160e-02
4.398814535236382495e-02
