9.641003262778922523e-04
5.134176602306501610e-04
4.253334252357785709e-04
2.598168881755340493e-04
4.317204289638086677e-04
9.638812049487815612e-04
2.594025568865131887e-04
4.242371457263198974e-04
3.012512881976832130e-04
3.734022439038887854e-04
4.645332018923358495e-04
1.656276576979033327e-04
3.729523526091847599e-04
3.011406592899543697e-04
1.657198605173234576e-04
4.632609265432710414e-04
1.669841788573161231e-04
4.674225155799862546e-04
3.722976618587973182e-04
3.854394435354624882e-04
4.660803896035708234e-04
1.661169785674759185e-04
3.843270114603049899e-04
3.729109615750625818e-04
2.591647225926858151e-04
4.899385351917048478e-04
5.013572677992371223e-04
9.710567099885376689e-04
4.898416891992992761e-04
2.585131132700189439e-04
9.612030969984635071e-04
4.440801470742099786e-04
