9.774136931863755540e-02
5.081698854323508235e-02
4.192367768659253924e-02
2.684700115934513312e-02
4.274000307781425367e-02
9.663574226510923681e-02
2.670614645370258250e-02
4.194276800486973489e-02
2.959566325055934533e-02
3.770998555070942393e-02
4.633233912331406745e-02
1.701107812478244372e-02
3.774734194256131048e-02
2.953053989741903987e-02
1.717788172518721831e-02
4.623392673117161095e-02
1.724274798166679917e-02
4.746693890404072441e-02
3.766573072257613231e-02
4.040424285144289529e-02
4.740438786140856176e-02
1.706917234692625560e-02
4.033177282442347578e-02
3.761565665831580890e-02
2.661237959384869442e-02
5.040400656998973022e-02
5.030027343521530081e-02
9.707805431165307530e-02
5.025745489872878585e-02
2.661576732346876417e-02
9.786568086217348195e-02
4.326432427159193628e-02
