9.715320453881847416e-04
5.168863428286620898e-04
4.134573798640246169e-04
2.646789617657552686e-04
4.339874218459530706e-04
9.680667480411425489e-04
2.648810489876269572e-04
4.131911667981238512e-04
2.925829379073030360e-04
3.636715191563114004e-04
4.723402168207153202e-04
1.720635282816163373e-04
3.636110316060947611e-04
2.919135524363188398e-04
1.698569115143335980e-04
4.699436863744019320e-04
1.713967789643925385e-04
4.717714733524440538e-04
3.631367830650287956e-04
4.058908989040095009e-04
4.704426313981845565e-04
1.714721513579752399e-04
4.049563846810625475e-04
3.625261946549840852e-04
2.632489879290906914e-04
5.035290495298480606e-04
5.124233540909462576e-04
9.723131488582177845e-04
5.027310165248717166e-04
2.623123175500433947e-04
9.674435210040041675e-04
4.394164848585638706e-04
