9.754520626028080534e-04
5.261688470655581391e-04
4.110118015665864609e-04
2.803537080796265121e-04
4.289311686007942588e-04
9.692443161083472538e-04
2.811762580402312785e-04
4.105774871193339334e-04
3.285005923680226511e-04
3.544293563099156180e-04
4.577394120147278665e-04
1.593397352953647840e-04
3.544422261570829213e-04
3.278793183397687126e-04
1.575848221457651778e-04
4.571630334872994815e-04
1.579336462917700949e-04
4.588266736363516302e-04
3.540219933649379862e-04
4.055207133444633941e-04
4.569487522278328556e-04
1.579386727658446253e-04
4.049287465545615885e-04
3.536159463203003821e-04
2.800594495733716772e-04
4.751330639738880150e-04
5.123793709295856392e-04
9.709738689179149172e-04
4.749975070374994491e-04
2.795661807058882138e-04
9.808262562169549510e-04
4.456661256575064796e-04
