-9.805418722873882921e-04
9.206736411969680786e-05
-3.798152271054138830e-04
-1.360866760667347108e-04
-9.797593923321996283e-05
-6.671031504746592622e-04
-1.775674454807986012e-04
-3.595001935799406619e-04
-1.639650683862972757e-05
-4.373948911118721926e-04
5.188426533188537047e-04
9.885547211781874760e-03
-3.717707030885606246e-04
-1.513728519718899283e-05
9.872866248883425261e-03
-5.101075311238854187e-04
-9.424747364245221470e-03
-9.832633899754975135e-05
-4.728034398134323569e-04
-6.900636979127622327e-05
9.263522493869772389e-05
-1.035590039472323448e-02
-4.214390059108803207e-05
-4.245795172846186382e-04
-1.098824123213268779e-04
-7.369183813657490196e-04
-3.911710132165254752e-04
8.584093912365041044e-04
-8.032617947270288611e-04
-1.342406767585276788e-04
8.389933012849808049e-04
4.270184985649488570e-04
