9.684456245574116218e-02
5.021693827045330127e-02
4.107968614250986916e-02
2.657160769429621136e-02
4.250008985708854381e-02
9.789391076667111613e-02
2.660815325528575678e-02
4.106931197898450875e-02
2.922211103310121821e-02
3.696002515255882720e-02
4.707086029626193074e-02
1.691443240598994313e-02
3.690050651725366310e-02
2.913198384027282373e-02
1.700251882880826973e-02
4.707159021430725593e-02
1.705039124362814698e-02
4.662653874057309800e-02
3.689587910799196901e-02
4.040197124658159028e-02
4.656477619290153719e-02
1.700870871464182921e-02
4.030499925301678221e-02
3.681028031337749834e-02
2.644385415790977828e-02
4.990217837011897556e-02
4.967440551695465056e-02
9.657528411969182325e-02
4.987563939108208971e-02
2.645527827846644656e-02
9.822210264655005518e-02
4.303317582583106315e-02
