9.723750442908031533e-02
5.164122708881448143e-02
4.180284558497346370e-02
2.631219455382320660e-02
4.336267569257232224e-02
9.602727190565307769e-02
2.627541863945694056e-02
4.173193008507836838e-02
2.947178277848866434e-02
3.748115334460362658e-02
4.652478551344729762e-02
1.740151660676851966e-02
3.750209084345468985e-02
2.937133476230341378e-02
1.700158188447529334e-02
4.636830817331594884e-02
1.724048241589941008e-02
4.686340352122306263e-02
3.743550721913794371e-02
3.973906674504004699e-02
4.669651558933721192e-02
1.731815044758149014e-02
3.974355391203780036e-02
3.747560893911171948e-02
2.624942933996503303e-02
4.966444627872387135e-02
5.094919549766207395e-02
9.705493173903219362e-02
4.964032584370998286e-02
2.624905421520779686e-02
9.645687495331964345e-02
4.402299315616048370e-02
