1.657752651084779590e-03
3.447319104350346844e-04
8.493546914354034800e-04
-3.380836642255091035e-04
-1.089937236681133266e-04
2.379815943220061486e-03
-3.381445613794489694e-04
8.496291134050384724e-04
-3.668958429423444011e-04
1.831232969615453215e-04
6.673141789490887434e-04
9.793453292405012237e-03
2.724750344251127129e-04
-3.734956924490359371e-04
9.856772157951842334e-03
-5.636152313510017818e-04
-9.605982274386328651e-03
1.486170670031288789e-04
1.766262953293485814e-04
-7.954154527812909220e-04
-1.044232018412163206e-04
-1.022670365543347330e-02
-7.548629572203757960e-04
9.525132175146158763e-05
-2.152313223159710591e-04
7.763147894471611064e-05
-3.394073678196384198e-04
-2.303592992145323502e-03
1.110641962177654846e-04
-2.543403520582947696e-04
-1.703627961741835568e-03
5.193015110904343045e-04
