-3.967088157554129373e-04
-4.135717603533263097e-04
-3.041054101088807638e-04
3.686208931073220430e-04
-4.052403082366802284e-04
1.187171980476830254e-03
2.977337417591154512e-04
-2.734407685364584968e-04
1.789506972346779380e-04
1.280684988986276315e-04
8.008839427344780024e-04
9.781698529495936809e-03
1.834703923302746624e-04
1.964335306266939052e-04
9.795569691551172728e-03
-8.164088723153723002e-04
-9.444073295526891898e-03
8.615925523132473294e-04
1.611576141047467523e-04
2.332000219035127797e-04
-9.225900354559917003e-04
-1.021634438665858929e-02
2.619911109683302746e-04
2.051322609443426723e-04
3.460367172957474081e-04
-6.080330911054159741e-04
-8.513890009700061153e-04
-6.132334516816784166e-04
-5.169111151851394194e-04
3.963587010013162686e-04
-1.907916860314165942e-04
-9.544806843997247821e-05
