9.727308161704531497e-02
5.050598544520386313e-02
4.219819865247015356e-02
2.634438643959346668e-02
4.252598031810235490e-02
9.710730900487636597e-02
2.621699881009513164e-02
4.218443338543981236e-02
2.968470470897006941e-02
3.704243965960887786e-02
4.755461993590110598e-02
1.712311496731215230e-02
3.700280060238869684e-02
2.956467868097380561e-02
1.728281132528478384e-02
4.755299846113900109e-02
1.725439638113374780e-02
4.687320760526131336e-02
3.707212537858034507e-02
4.037919727395135328e-02
4.684121942485956064e-02
1.737801602303749512e-02
4.044665001621819411e-02
3.697625859193152259e-02
2.616880437848088936e-02
5.024576103394053778e-02
4.988999086540215483e-02
9.642093091706506469e-02
5.024570410487155109e-02
2.619607653629212052e-02
9.762417834473920142e-02
4.322968465984748654e-02
