7.026485583428163702e-04
1.771256213385763293e-04
2.994086932461642809e-04
3.277872224981264880e-04
-2.589965190243565863e-04
3.430243699714031645e-04
2.724117700313566219e-04
2.599029908824338365e-04
2.260777151000375454e-04
1.628205711456434646e-04
-3.121609297656008472e-04
9.826730456583887552e-03
2.207916708871163897e-04
1.650763869071260781e-04
9.914464777941915316e-03
3.970243837212884125e-04
-9.557951838245447307e-03
1.404041002121704908e-04
2.325421619488079040e-04
-8.854120804958900905e-05
-7.853374858534627331e-05
-1.025952577646025224e-02
-4.897272243342799212e-05
1.577272404360144441e-04
3.469696920858031950e-04
-1.062693848587877374e-04
-3.893741781080795029e-04
-8.826265999432399059e-04
-1.288149354420938929e-04
3.807796716959698218e-04
-1.809395909321219172e-04
3.103756747680303462e-04
