9.653352357626835724e-04
5.093738371048188700e-04
4.244398919438789781e-04
2.641436931356194251e-04
4.271848629059194565e-04
9.683602884713284542e-04
2.635256182870792719e-04
4.240658668347526317e-04
2.981276184091923172e-04
3.799208770502080748e-04
4.697392765625300350e-04
1.682740647474153509e-04
3.794570473930129989e-04
2.978884423527528480e-04
1.685497545956519570e-04
4.693345873467626595e-04
1.688576713207637760e-04
4.674344591641988746e-04
3.795429583397125651e-04
3.899815955625770300e-04
4.662804838871872784e-04
1.688868113460633954e-04
3.895394777676525330e-04
3.793564199009623805e-04
2.636341697854866178e-04
4.942982595443126941e-04
5.002227772037630806e-04
9.705741491942338796e-04
4.944775828800746127e-04
2.635482829526369117e-04
9.596627810494772794e-04
4.380801417338993906e-04
