-1.311624188162490096e-03
-5.518779057564175564e-04
-3.935677291520672512e-05
-2.580299483193884084e-04
-1.090902584020476225e-03
-7.968766257505745850e-04
-2.343535212535916652e-04
-6.308067625818122089e-05
5.383699526199459476e-04
-2.529740627851557034e-04
-2.530612327911212610e-05
9.892617587416300748e-03
-1.894897975510422049e-04
5.182536973328857573e-04
1.001600481873634457e-02
1.599065984280097794e-04
-9.416215583114041776e-03
1.542513826896979893e-04
-2.119816131383112025e-04
1.018957076794024775e-04
-2.032316943263067760e-05
-1.006877654672217251e-02
9.951574675240959479e-05
-2.587723140035544356e-04
-1.928286802998778774e-04
-1.747944221658663728e-04
-1.023533251724383607e-03
1.163528888357761746e-03
-1.670570201466768580e-04
-1.726401675522426429e-04
9.030520212911967784e-04
-6.734575261153470617e-04
