1.156674388963968353e-04
6.918852738488653713e-05
-6.146885172368460803e-04
-5.367755674079634248e-05
-1.366442778914402209e-04
-1.221189861685595727e-04
-5.910861486834416333e-08
-6.471433776005129038e-04
-4.372905149962708982e-04
-1.634964661270279617e-04
2.608881052412697732e-04
9.510406845170365012e-03
-1.910172658786532182e-04
-4.205125435510322562e-04
9.837757813085783523e-03
-3.194392102758671689e-04
-9.547199329983928340e-03
-2.429301102569961940e-04
-2.146048954582623568e-04
2.194726494989734727e-04
2.033226687378461345e-04
-1.005703624648583532e-02
2.260232798667096690e-04
-2.272923632247608207e-04
8.836196183668273182e-05
6.020577583167478547e-04
-5.100990366579233022e-04
6.676074158912800394e-04
5.999941060083065865e-04
9.511509655038469832e-05
-5.675928766791823836e-04
3.482352787716521000e-04
