9.736167735553572043e-04
5.253869147862790358e-04
3.993956234850840168e-04
2.912001576980087622e-04
4.271974151627027012e-04
9.811742426358966394e-04
2.900350800958061376e-04
3.992916325602578862e-04
3.413912802008034486e-04
3.432733351445946442e-04
4.618682026005000059e-04
1.578275417389497120e-04
3.434515437773867142e-04
3.410260724024862119e-04
1.551721545608653247e-04
4.606728962783211158e-04
1.579620308305558171e-04
4.569943207802292656e-04
3.435381247353062883e-04
4.150370952890847730e-04
4.569811655138986692e-04
1.576509617533081609e-04
4.148980135908232614e-04
3.433210745645785800e-04
2.896171008700664114e-04
4.618631945792139805e-04
5.107739333218064065e-04
9.736210643654537571e-04
4.611878058490999615e-04
2.902975301401638261e-04
9.737393185986052300e-04
4.441275187458439675e-04
