9.633018564167396269e-02
5.118255093049495219e-02
4.190984972013728216e-02
2.648619177300591890e-02
4.287628097510753911e-02
9.646878338380431017e-02
2.637909983576126535e-02
4.192355586238116077e-02
2.955666355307780269e-02
3.704124561291290141e-02
4.704678665781548974e-02
1.699894059331553270e-02
3.704580432371194082e-02
2.941505600538262682e-02
1.715461854582717161e-02
4.687160010545398520e-02
1.712681732203896051e-02
4.718145233539542543e-02
3.701751141323069566e-02
4.096619790677355488e-02
4.708467816037189418e-02
1.712536307356819082e-02
4.095664070272626855e-02
3.691690702902521853e-02
2.632865106575426120e-02
4.986412774454816732e-02
5.056990934527517273e-02
9.577751685532355508e-02
4.988795689640874997e-02
2.636234417383186493e-02
9.690561926210784771e-02
4.347479648560165222e-02
