9.800994811786510781e-04
5.218945740109503855e-04
4.048005243794798613e-04
2.903348013218399939e-04
4.233049731254407409e-04
9.886055932891095032e-04
2.901989083055106413e-04
4.051910067050391428e-04
3.387802535151656258e-04
3.476028942822951585e-04
4.571891175619393938e-04
1.592653046849572913e-04
3.478528992640686490e-04
3.382095283276217372e-04
1.575653651155738426e-04
4.561474410015792843e-04
1.578727809627399070e-04
4.644644190542386738e-04
3.484563412837489004e-04
4.097645752642994823e-04
4.624859417124420769e-04
1.598128067391127222e-04
4.095818784760217515e-04
3.475705103448053232e-04
2.898541466000661049e-04
4.704232289100625957e-04
5.068004034364577024e-04
9.865350728086581637e-04
4.698106569087985465e-04
2.898831053938037672e-04
9.809483913006027470e-04
4.392857131992856869e-04
