9.574303457830464492e-02
5.155450795439044803e-02
4.356845440799075875e-02
2.604922876049106314e-02
4.291925420587183737e-02
9.775862231803919555e-02
2.600166449371880614e-02
4.355160629396966770e-02
3.021041769498532606e-02
3.733311794654876892e-02
4.664868477138845587e-02
1.699587997501276690e-02
3.731836591288714700e-02
3.017727144141673853e-02
1.695094936625337126e-02
4.650128526808108842e-02
1.695238093670756174e-02
4.636461050027024244e-02
3.734806047807349982e-02
3.924644196907243338e-02
4.641986109682530448e-02
1.710758511208142207e-02
3.922814784493469653e-02
3.731608737831901973e-02
2.602883193690347374e-02
5.015094446537841921e-02
5.021000740083760711e-02
9.572818705883218149e-02
5.010500140097332022e-02
2.599969479760257801e-02
9.700678817226066064e-02
4.437743078767409505e-02
