4.015384605381526473e-04
3.561341815341850662e-04
1.454629161530507389e-05
-4.677346835326503258e-04
-4.488357622199971018e-04
-8.516647944145407112e-05
-4.425124168636849500e-04
2.615334971854163025e-05
9.877365805115508209e-05
-6.551664756938483476e-04
-5.774622676334482214e-04
9.546377192116182325e-03
-5.458744602670078955e-04
1.644747334499682516e-04
1.017668890049970576e-02
6.442436377872023555e-04
-9.799311654421090020e-03
-5.698729391778132322e-04
-6.602402926261255684e-04
3.508877301669070564e-04
6.830570654753207382e-04
-1.003796214213797076e-02
3.197290569210966757e-04
-5.907627137945051579e-04
-3.582000681487647136e-04
1.633259127842862785e-04
-1.831396973835048626e-04
3.718309882216608298e-04
1.862617339173184227e-04
-4.191330867697727635e-04
-6.894539358969420037e-04
1.364773134319542474e-04
