-3.327517646073955724e-04
-1.696173646201424819e-04
-8.639550571654268699e-05
6.987855134131484637e-06
-5.950904884673141734e-04
-1.464209950789476509e-04
-7.128711919807007177e-05
-1.083251629218352470e-04
-1.669052423555096186e-04
7.594816902690370534e-05
-1.784975577199219849e-04
9.656855070786127607e-03
6.495349764205382603e-05
-1.386061551729794402e-04
9.968818367628789340e-03
1.485508221898958973e-04
-9.658822612426443827e-03
-3.130468031764867829e-04
-1.594379715924774030e-05
-3.400323091004537690e-04
2.915868450004633012e-04
-1.008151065534202209e-02
-4.213887679651826283e-04
1.724640637649824172e-05
-6.859435144715682204e-06
-8.202420402370556559e-04
-4.791780294594455425e-04
3.230430702241964295e-04
-8.697655369415537106e-04
4.965854242507914833e-05
1.511786498765711447e-04
-2.248900460679174624e-04
