9.703461872650721853e-02
5.187180971011978725e-02
4.163205488018789646e-02
2.774473578187034925e-02
4.279255103521734105e-02
9.773726392455524270e-02
2.767481375749501413e-02
4.166441439635217014e-02
3.277016913327786968e-02
3.536029878763699563e-02
4.593396786836960455e-02
1.602444990180160525e-02
3.531107753841385838e-02
3.274924370201452717e-02
1.608245384537789965e-02
4.582417270626648609e-02
1.611967105270934938e-02
4.659347291779444844e-02
3.536696826251676390e-02
4.094212117515173832e-02
4.648606652931516758e-02
1.608637463167149687e-02
4.089406149458483380e-02
3.528812790314921760e-02
2.764216124513780085e-02
4.810260043851771056e-02
5.063889611638133781e-02
9.816303645260150701e-02
4.806043407846360277e-02
2.758932252645544120e-02
9.697132040702348410e-02
4.430090937018862224e-02
