-2.577226331227012350e-04
-8.670960731577020443e-04
4.797466952922701806e-04
4.859788038692832606e-05
-1.098220792804938898e-03
2.183755819245241205e-04
4.009663951782970777e-05
4.229452973457524414e-04
9.045203122178123065e-05
-6.475154671047326973e-04
5.643503037829854501e-04
9.936041309118980036e-03
-6.222548468082287178e-04
7.113518949664362600e-05
9.755247974385377815e-03
-6.131495574767560630e-04
-9.439374916977475230e-03
2.704378735663242575e-04
-6.913789399786847119e-04
-4.562626847772251616e-05
-3.638186762057910874e-04
-1.032677261346726279e-02
-1.050297967153508922e-04
-6.976984272491513822e-04
5.079730332881504987e-05
1.538075086166695057e-04
-1.347558543582829359e-03
3.658144052274513169e-04
1.536606402240776263e-04
1.398841116193620053e-04
-4.072261955762576701e-04
-6.158186994611584454e-04
