9.571926112824526156e-02
5.070629465586234258e-02
4.213795125315997203e-02
2.644691347731486022e-02
4.283539093675652748e-02
9.706734864223787174e-02
2.639211645436676315e-02
4.216677508226552434e-02
2.965846683777596457e-02
3.723355752567297089e-02
4.655538060406069767e-02
1.720500758668121188e-02
3.718086673346163162e-02
2.951434398797228575e-02
1.718211136727650773e-02
4.638611090586229613e-02
1.722273860278436194e-02
4.682797469272134694e-02
3.721360886006260665e-02
4.023302239743546671e-02
4.667313299081130018e-02
1.711180112139249962e-02
4.010860320348307029e-02
3.710618477065466547e-02
2.625677037004045880e-02
4.973057851515409744e-02
4.994255094379942278e-02
9.711304223269356939e-02
4.965599914503407430e-02
2.632201270106461141e-02
9.688216300491217514e-02
4.361408935031971246e-02
