-3.953152037407829173e-05
3.140931983411184751e-04
7.387611627431487878e-05
-2.007304154510012624e-05
-1.938236783368872348e-04
-9.054782495841847063e-05
-3.389561998416597526e-05
6.632736276462594595e-05
-6.031742082660287264e-05
9.516961271760021818e-08
-1.706243956057032236e-05
9.634848179915942931e-03
1.268549882986210909e-05
-6.527300012878543378e-05
1.000457751886325332e-02
1.813415456123780426e-05
-9.582686912423648770e-03
-1.799879121798947864e-05
-2.905352763511276733e-05
-1.149781024523911576e-04
1.806335244575516365e-05
-1.000306541593399580e-02
-1.113610748158168649e-04
-2.904478688976059103e-05
6.837900521299619994e-06
-3.786151013867561135e-06
-1.795364721941051297e-04
4.616698221084986281e-05
-4.030483464595363301e-06
1.626488317304824378e-06
8.687743392740186559e-05
2.940762596671629833e-04
