9.828770684224159837e-02
5.232822363576145053e-02
4.086696772659769578e-02
2.812691477718063868e-02
4.293362130765319973e-02
9.893091423857498790e-02
2.814128264172603006e-02
4.087881490138057378e-02
3.329675966314245283e-02
3.539394046951939432e-02
4.552533685317741718e-02
1.571539197018907361e-02
3.532599916878155499e-02
3.327562881820404078e-02
1.608731794593086864e-02
4.543736113697189466e-02
1.590454276241115225e-02
4.592163653378086852e-02
3.525575189599041565e-02
4.095839028837587603e-02
4.597473967122558958e-02
1.595933156388385649e-02
4.085462252290916058e-02
3.520864322926301609e-02
2.808886893122331668e-02
4.735516047932114558e-02
5.067418418019169202e-02
9.851656532394480192e-02
4.728084064456771624e-02
2.804993530726124923e-02
9.912091507693224224e-02
4.482298148791732245e-02
