1.562603360358894608e-04
8.803814313617299857e-05
1.146708927313658125e-04
-2.243524253723828889e-04
-4.973346642327403089e-04
1.137644363108090192e-03
-2.424761691159019064e-04
8.748465339934929301e-05
-2.080171943137684287e-04
-2.597644184272925451e-04
2.821615979003525574e-04
9.655560682167659697e-03
-2.273757116436520584e-04
-1.212646888428198038e-04
1.016625212734252430e-02
-3.378802977221852136e-04
-9.626604741401948925e-03
-3.325064673224803865e-05
-2.524199853557277675e-04
-5.126809229528595966e-04
2.343057657448385710e-05
-1.010125928883575698e-02
-5.512704228004549917e-04
-3.018513872829503997e-04
-2.632783419596649937e-04
-9.657221229036303282e-05
-3.213370766479552794e-04
-3.881848267912431849e-04
-9.923222175664011104e-05
-2.034075263589199501e-04
-9.207872912531757164e-04
-1.459309862917611061e-04
