9.667224621539338703e-02
5.161460813661463559e-02
4.320106916987662832e-02
2.626487639200308574e-02
4.282045430378595557e-02
9.750872292449568046e-02
2.616347768690708772e-02
4.318454360563266786e-02
3.042231730604378140e-02
3.750444049046099126e-02
4.664535496123458497e-02
1.679032953662342939e-02
3.749778832200515583e-02
3.036654970337902132e-02
1.677761061675037482e-02
4.654487217402738380e-02
1.697360825225562378e-02
4.665310604762358537e-02
3.756871419868115097e-02
3.925443105989832870e-02
4.653797834052193771e-02
1.678465988992952629e-02
3.921457854295515993e-02
3.743346843271150998e-02
2.612787402032295397e-02
4.948955988608609580e-02
5.021216373228432756e-02
9.760835893168263999e-02
4.943967438803548164e-02
2.617636745570268639e-02
9.705826588425672807e-02
4.433975355720792821e-02
