9.623099931919960447e-04
5.114313884654552410e-04
4.215134008816128863e-04
2.659917029201374424e-04
4.304501779671721681e-04
9.717317267282267338e-04
2.648601751606543273e-04
4.213817644949170477e-04
2.964948639603061397e-04
3.739281111127821578e-04
4.670863446432503736e-04
1.726886352820341695e-04
3.736218672327492967e-04
2.955576649364462390e-04
1.729073605862427255e-04
4.667140095215533769e-04
1.729891450815081611e-04
4.726059197805507336e-04
3.736083702063546582e-04
4.026679439428382267e-04
4.716795362783031452e-04
1.738283134128083233e-04
4.024006955708917606e-04
3.732117784876814114e-04
2.636372505230818227e-04
5.056579582208464881e-04
5.047421405121757607e-04
9.775199931945793581e-04
5.049125627803058031e-04
2.639947938579478371e-04
9.632150560908470409e-04
4.369513568025127043e-04
