6.012176417739830509e-04
3.619788567437789441e-04
3.323217242392595525e-04
1.766977677397553340e-04
2.694802059589904782e-04
7.351647818173118014e-04
1.734161537504818229e-04
3.221367299627242117e-04
2.571012411638432665e-04
2.620253797676904794e-04
2.759078708395515519e-04
1.263705746360648582e-04
2.521030206972568917e-04
2.496516407081547022e-04
1.090599204534800241e-04
2.676540459526929134e-04
1.448976010163978965e-04
3.826301359911536281e-04
2.539508163485407611e-04
2.784368036805083893e-04
3.755252538705663675e-04
1.284211299051255385e-04
2.855831132388007214e-04
2.596042653724934331e-04
1.675777075638688223e-04
3.361965281710477282e-04
3.315546989413205282e-04
7.825841099990912299e-04
3.336803535526120358e-04
1.626144570674056507e-04
6.233629539859369311e-04
2.918062885275889509e-04
