9.556507252006105069e-02
5.101127181681375244e-02
4.249653578715898578e-02
2.638593453967573096e-02
4.301944786728352510e-02
9.696079602613290327e-02
2.638525137592074438e-02
4.250100665649357567e-02
2.996097995799224326e-02
3.770670113608746987e-02
4.675376479320478978e-02
1.705631687998398691e-02
3.760040090476894636e-02
2.988114368751052310e-02
1.705105364199487397e-02
4.653328270015424234e-02
1.725064908697904881e-02
4.718997570916202977e-02
3.764044728263889888e-02
3.948345076675651572e-02
4.707748896471404543e-02
1.712345333705134198e-02
3.940312895088653178e-02
3.759295313756227247e-02
2.630004878636218318e-02
4.961353750832888515e-02
5.014061239688598348e-02
9.605560575002333734e-02
4.963481174726720735e-02
2.627292383867936912e-02
9.686470263231405919e-02
4.406581819052556026e-02
