9.741406662049856280e-02
5.219555892915473533e-02
4.007503334904714831e-02
2.901576962161010395e-02
4.231379972730680422e-02
9.866729529656359521e-02
2.901844090078562269e-02
4.005813674542133690e-02
3.425713092527411102e-02
3.446323531372290361e-02
4.569405776882215497e-02
1.549762399990556837e-02
3.446257728806736281e-02
3.423727456068214464e-02
1.575915343636671503e-02
4.561962529267495070e-02
1.574817870970554243e-02
4.576755466827765045e-02
3.445536911517638190e-02
4.159193523017051808e-02
4.559118926843393899e-02
1.556646727643664664e-02
4.152868453492428863e-02
3.440129043101953360e-02
2.903251993827596009e-02
4.646081139694830525e-02
5.056707200429741422e-02
9.884014959561425451e-02
4.631023085483514795e-02
2.899232091164831437e-02
9.741033082099291585e-02
4.416602516267355283e-02
