-7.051986910059855921e-04
4.288103523026718538e-04
1.174901548403418277e-03
1.008469581250298662e-04
2.064748762093472677e-04
-1.650827224197802361e-03
1.534014920658613820e-05
1.240132302004154233e-03
-3.402693777386154835e-04
-2.549690599064799345e-05
-4.105485190117998465e-04
9.600211708509855807e-03
-3.311011032812090653e-05
-2.831042914498411002e-04
9.947396710018209867e-03
3.426538159414912392e-04
-9.469923186746590296e-03
7.901699230041164324e-05
-9.369987015207596173e-05
-5.672500649778815197e-04
-2.439544671750661043e-04
-1.024694534521895621e-02
-5.613752010991784587e-04
-1.138655930635592081e-04
6.674669789012402821e-05
1.020761618656244093e-03
-5.225146928915096764e-05
1.013528734317510529e-03
1.026221077847073093e-03
1.664122147148631092e-04
1.274325709357894453e-03
6.196011313238182537e-04
