9.664411533046267377e-02
5.227041166691256263e-02
4.046453290677219650e-02
2.926500150968404379e-02
4.204002158779246434e-02
9.756838907269133054e-02
2.921839446352424152e-02
4.042141530725861659e-02
3.394121197672588658e-02
3.476000412279273838e-02
4.643728991878228601e-02
1.570100831262230198e-02
3.471246357073212024e-02
3.389446977003319345e-02
1.555595443626105016e-02
4.632687076809115928e-02
1.560318934447324155e-02
4.523538340454202195e-02
3.473425982589208733e-02
4.174697943845081388e-02
4.519782461034049098e-02
1.577338931498900587e-02
4.167958642129091645e-02
3.469387200006687072e-02
2.918494416968732755e-02
4.617581612109614153e-02
5.080208587747816334e-02
9.751376438142426994e-02
4.613744834045380161e-02
2.916971658390139083e-02
9.627820518843835385e-02
4.395827756612329801e-02
