9.639435844920753171e-02
5.206444580315453680e-02
4.338277298662412268e-02
2.631964952763963042e-02
4.351797386041929283e-02
9.691318431393144972e-02
2.622294118855652417e-02
4.339010852209238683e-02
3.007849037811997570e-02
3.778337741829887464e-02
4.692983087644668483e-02
1.693755309333993403e-02
3.763526787859712563e-02
2.999849882341185797e-02
1.688783483852905956e-02
4.677486948444147669e-02
1.694234511500230037e-02
4.640673824366083750e-02
3.776466511045867974e-02
3.910745295269400790e-02
4.638660118330465570e-02
1.705218610843620142e-02
3.899413565496446382e-02
3.774554766227211644e-02
2.620473742874810524e-02
4.960666510364324794e-02
5.074230568529703583e-02
9.627745304797347137e-02
4.958419814353001720e-02
2.628797393030261192e-02
9.679491904990268625e-02
4.491243785146369766e-02
