-1.156114150817599915e-03
3.070850879333708898e-04
-5.413544974563240389e-04
-1.920627567786674340e-04
-1.476485074273027923e-04
-2.419780656678117980e-04
-1.599000978946596202e-04
-5.704416144576940177e-04
3.094515610506816373e-04
-2.206357899596707067e-04
2.711667988324135601e-05
9.605129484086491823e-03
-3.456653332354087138e-04
2.843526877871506691e-04
9.967658702432295389e-03
-1.223191326602821385e-04
-9.728437480370760032e-03
3.096545447669823113e-05
-3.125119114088957453e-04
6.679156975774273993e-04
-1.646685544696241074e-04
-9.973364910226569652e-03
6.883221093226881641e-04
-3.166529379798408285e-04
-1.369877794441080334e-04
3.286284369149170318e-04
-3.639496469155948451e-04
8.396762661501208517e-04
3.353816157925690561e-04
-1.036918696992401086e-04
6.055388402129804372e-04
5.310074959076921961e-04
