9.590977543912416504e-04
5.105123568479073099e-04
4.380861996555351261e-04
2.615392361949887292e-04
4.252304082304994462e-04
9.683902103363714381e-04
2.604613095555133014e-04
4.384264267385708106e-04
3.025698738343782657e-04
3.749948330556311183e-04
4.713514486986286611e-04
1.670895688737589300e-04
3.745194040286018312e-04
3.019607587833386675e-04
1.676472948052427610e-04
4.714599496773074698e-04
1.676848720877198039e-04
4.651562769048168825e-04
3.745146196729670727e-04
3.957693635039362867e-04
4.649720481879970153e-04
1.673667992526851769e-04
3.955602493742404286e-04
3.743984976112077348e-04
2.605614560764481745e-04
4.952772922431574300e-04
4.991631576712185882e-04
9.594910511168973149e-04
4.948496293829545041e-04
2.603672086748111099e-04
9.658229774813558094e-04
4.380784871934712238e-04
