9.641226155462787051e-02
5.082381874181766263e-02
4.161915070626698299e-02
2.637174499522903365e-02
4.283523810141318805e-02
9.659989950398045755e-02
2.627876942572996560e-02
4.158149580735919643e-02
2.972571509286788330e-02
3.666833973121019080e-02
4.676186044288824228e-02
1.709337458809650004e-02
3.662177663214288142e-02
2.967243832231837228e-02
1.700536887264219449e-02
4.672976803856622452e-02
1.703484291369092990e-02
4.726671369633930059e-02
3.664553926453936045e-02
4.095208677354487958e-02
4.720717893179007113e-02
1.708868533266712925e-02
4.090345317328053509e-02
3.662417787031058830e-02
2.625477293309966265e-02
5.031186056197949757e-02
5.044632663528173661e-02
9.616464827795814796e-02
5.024540024958442513e-02
2.619780348808777373e-02
9.694262644671107487e-02
4.330127283896843815e-02
