9.649227262492089934e-04
5.108477339903210335e-04
4.288178688151734076e-04
2.613246682083013067e-04
4.238967948464445715e-04
9.688886696386473730e-04
2.607727988892146994e-04
4.288726397229115353e-04
2.995293334246526724e-04
3.786867208574426252e-04
4.705713957728021495e-04
1.699922026530107950e-04
3.773890238681024286e-04
2.983148537192567367e-04
1.681344663904912906e-04
4.701645798786539582e-04
1.707620593592042949e-04
4.685071605085007018e-04
3.777011730941438709e-04
3.930837459899243105e-04
4.682678908638414307e-04
1.694675252964861548e-04
3.915504588698224598e-04
3.771270607101350489e-04
2.605408242298210822e-04
4.985361135093066077e-04
4.995627397768527848e-04
9.606945121510421714e-04
4.982069001134972535e-04
2.605615231833326227e-04
9.676250739678642293e-04
4.359864877958618320e-04
