9.716541742229772849e-02
5.160418143141249497e-02
4.276438361394731963e-02
2.630347421437161451e-02
4.320571269417419757e-02
9.670102434334672259e-02
2.621627923062155863e-02
4.270269845826792782e-02
2.991868557018388664e-02
3.739931820336902385e-02
4.660620491853351838e-02
1.700444096977352798e-02
3.736765839449932014e-02
2.988044446443378563e-02
1.703637741951944881e-02
4.652288244196382122e-02
1.727628377182439945e-02
4.673748835021772352e-02
3.733174649665222528e-02
4.031265647600062313e-02
4.673027244177308664e-02
1.714692847504385720e-02
4.023615937022426148e-02
3.733982716241537880e-02
2.614196892924872465e-02
4.982710913430055816e-02
5.069822838696856626e-02
9.696336870918911832e-02
4.976652803215157045e-02
2.611612472640335511e-02
9.729628632192399706e-02
4.409645529891882687e-02
