9.703094070916463976e-02
5.179407684871871476e-02
4.160194322262685679e-02
2.737693413305667192e-02
4.242852545788933227e-02
9.622945126443345487e-02
2.738904129769144380e-02
4.151524896943874915e-02
3.163347559779222662e-02
3.619473846959404828e-02
4.614649898600446665e-02
1.634776369708257349e-02
3.616080146711002363e-02
3.166323608194300532e-02
1.618796967105697732e-02
4.610914694523021023e-02
1.638128538472956655e-02
4.630018907317885041e-02
3.610355291323891908e-02
3.967697008556463761e-02
4.605814924264670096e-02
1.623120636928878854e-02
3.956161940990349235e-02
3.612223615503529217e-02
2.734940697967261011e-02
4.810776494639238537e-02
5.035818126812857676e-02
9.574309182448527411e-02
4.809853742015456762e-02
2.724924985288786766e-02
9.755311745131231560e-02
4.399726499351810927e-02
