6.031618125187071088e-04
-7.774359708067451189e-05
-1.169876328032967141e-03
5.494119151891244373e-04
-4.413522757930702376e-04
-2.534566659519136168e-04
4.688289813559514893e-04
-1.137317148401671913e-03
1.017878913380978328e-03
9.050497844583073413e-04
-5.747635674742627293e-04
9.537477878484114380e-03
9.566762385058531423e-04
1.025641398868133930e-03
9.872488230203601417e-03
5.430129464703166691e-04
-9.686473325691965716e-03
2.746223425281767486e-04
8.286495680003527937e-04
8.506044780231426924e-04
-2.817213563344615800e-04
-9.976698925563760173e-03
9.079837870944033364e-04
8.755604981214171060e-04
5.455772484311991128e-04
-1.466001294719786966e-03
-5.288551420518058151e-04
-1.032407427028627029e-03
-1.452755027870415846e-03
5.557475361892820920e-04
6.970596106040316195e-04
2.656957328243436778e-05
