9.858219616882171309e-04
5.276691713009771254e-04
4.010034691949943084e-04
2.865674596602157021e-04
4.267833207156598364e-04
9.734233339364972227e-04
2.866804496603999382e-04
4.007971333265273272e-04
3.419224361355274701e-04
3.439605354271874299e-04
4.589060028144525288e-04
1.566643551721249358e-04
3.443389363605388787e-04
3.417631055636927975e-04
1.575081048770282286e-04
4.584928762023312990e-04
1.577100057345166546e-04
4.567571571009986777e-04
3.433503521244771705e-04
4.191772653138976031e-04
4.557433214566901413e-04
1.561199927337482613e-04
4.180491718040068205e-04
3.439997800339193983e-04
2.854517848800917348e-04
4.642697496165553079e-04
5.132200257218495591e-04
9.733434658714635798e-04
4.633885090658686309e-04
2.859467236263039816e-04
9.868221308786807693e-04
4.436468192931044565e-04
