9.680694119642614280e-04
5.076505741335848648e-04
4.145277943814584375e-04
2.648525767174164896e-04
4.292975226710231949e-04
9.607797786870811083e-04
2.645593592591780562e-04
4.141366041802006142e-04
2.925110548079784328e-04
3.713846858457138739e-04
4.667360624131270601e-04
1.732851160272207819e-04
3.711269928574533134e-04
2.922191784068196743e-04
1.733057714740583104e-04
4.666209740644624996e-04
1.750442306459381800e-04
4.711503962373073833e-04
3.713191964664477114e-04
3.998713775150726361e-04
4.698621425930935101e-04
1.719707109782506063e-04
3.992430158615851835e-04
3.712970021355185206e-04
2.648354768721756397e-04
4.962263413835959818e-04
5.035874341727427901e-04
9.613700704162779715e-04
4.956118837372891538e-04
2.640197974248898404e-04
9.681166284826339761e-04
4.341424927586845419e-04
