-1.739199059309054604e-04
-4.183289496314333681e-04
1.743577899650255070e-04
-2.978250618338225831e-05
-9.677868463239123120e-04
4.274502509573210136e-04
4.426019546145112862e-05
1.861584062339994715e-04
8.928976996764382060e-05
-1.637573913718218569e-04
-2.905298961431234693e-05
9.804323948865571389e-03
-6.341815573013037839e-05
3.140713359329188475e-05
1.006742269626515439e-02
-7.008744324467199927e-05
-9.659242296611329423e-03
-4.593312399196819917e-04
-4.448848603944132455e-05
-2.047054222971110571e-04
4.532470549063710003e-04
-1.007703496892550961e-02
-1.698457804514735055e-04
-9.677037134432266575e-05
2.350745144445946907e-05
-3.095783294829182399e-04
-9.909799170779701096e-04
5.643032981892706331e-04
-3.012210207980512235e-04
3.255659794056106940e-05
-7.779544664534096153e-04
-4.279500022838954244e-04
