9.614634645228243605e-04
5.076680123387598614e-04
4.109935166429766235e-04
2.654475559450946830e-04
4.284479318165729440e-04
9.688530113912173850e-04
2.647432360364885954e-04
4.097700629030870921e-04
2.905173988178771710e-04
3.665146818905763064e-04
4.689004117150641273e-04
1.720982373878463369e-04
3.669939855964959928e-04
2.898286943027776554e-04
1.713568655922396262e-04
4.682128546656306079e-04
1.710695984210095616e-04
4.719557942955572550e-04
3.666721584071235885e-04
3.998382341940020981e-04
4.713851395332822815e-04
1.735084847449823062e-04
3.996964407732579564e-04
3.669857228755660033e-04
2.640727427771019393e-04
4.958493620983298652e-04
5.015946334647165090e-04
9.760473296859538449e-04
4.959070552124179377e-04
2.634525922238820875e-04
9.600914707927344889e-04
4.339441534029513841e-04
