-2.213976351854540878e-04
-6.811719797207735577e-05
-2.435521961507582491e-04
2.593340524171712513e-04
1.078048286289024323e-04
-9.479616172936091995e-05
2.627919280977118136e-04
-2.868173485767542955e-04
-6.310297356370448698e-05
1.052179931073609064e-04
-4.681437836835741642e-04
9.900984267928594068e-03
1.442266335007654746e-04
-2.733122018953441809e-05
9.902033157529726431e-03
5.230967717945514666e-04
-9.604819776432821365e-03
-1.085029650178891136e-03
4.600600843542950569e-05
-2.710039709679860475e-04
1.051163286720572555e-03
-1.038464748831594009e-02
-2.953317521391366938e-04
1.000208985609351393e-04
3.051000612744759880e-04
-7.731097392634328188e-04
-4.351893227009713018e-04
1.151275927647343270e-03
-7.651763100374948164e-04
2.794017671190462677e-04
-8.350536598571562091e-04
5.741993986312915596e-04
