-2.006657960255582747e-03
1.674950368910875509e-04
-3.426712615458166471e-04
2.213569068619957348e-04
-1.929035404596707366e-06
9.871629030926829508e-06
2.033807948546239816e-04
-2.802784830653526544e-04
7.762441154314811225e-05
1.048698296465991846e-04
8.570533945684002865e-04
9.675288777493622205e-03
9.855190922499147872e-05
1.051049156960304237e-04
9.800385319730283915e-03
-9.307453264661628804e-04
-9.410731219166532449e-03
-1.026572690787494788e-04
3.710851309400015329e-05
2.487363107100933404e-04
1.271272230349105182e-04
-1.010928574846935851e-02
2.637532754778223370e-04
2.744084574022867542e-05
2.346967024938704789e-04
6.546587261007192834e-04
-1.454257076057937541e-04
1.098036425803459266e-03
6.544041495034043712e-04
2.694595789561205629e-04
1.025003362139146387e-03
4.039859308329373563e-04
