2.680564660339245821e-04
7.659401428159262081e-06
6.046255080797844272e-04
-3.657262467709483764e-04
-1.737935575001901313e-04
-2.248469850764488328e-04
-3.439621223160518296e-04
5.510366231910669753e-04
-2.469241651873682695e-04
-4.995571427794248676e-04
6.229712746740104473e-05
9.481358801165094830e-03
-4.729477320958502340e-04
-3.272574217916963653e-04
1.004772992161991584e-02
-8.003027665885452152e-05
-9.587816316085812779e-03
-6.756029953087420818e-04
-5.159700158318307819e-04
-3.214957149957323770e-05
5.649841222533129792e-04
-9.962197287340672849e-03
2.580669754175769897e-05
-4.813082850204266467e-04
-3.094188253243184881e-04
3.699034867147726912e-04
-3.930027339059839883e-04
6.488485806347672009e-04
4.536114440806861010e-04
-3.557964822208641714e-04
-7.013137988754911080e-04
2.039387563779648436e-04
