9.565694926037998647e-02
5.236796022895299357e-02
4.270949124427644850e-02
2.665600563963129235e-02
4.368487422941793458e-02
9.596169697148548838e-02
2.662331129115232814e-02
4.258497865255417292e-02
3.064455147153815825e-02
3.723097911192810305e-02
4.677063947369737573e-02
1.645021847227818440e-02
3.723417259154391395e-02
3.056684018389653826e-02
1.659422543442604786e-02
4.672705628971905029e-02
1.658142415780330947e-02
4.669138562136257442e-02
3.711544317964304840e-02
3.852412010968615796e-02
4.662819535662130616e-02
1.651747333231232129e-02
3.848833150258679919e-02
3.713240930306303117e-02
2.651276900675100454e-02
4.905264752411169632e-02
5.113540038899838658e-02
9.632741349857285029e-02
4.901297575512941762e-02
2.651334031497667304e-02
9.524863463692202770e-02
4.515369684830018715e-02
