-1.769939906641261628e-04
3.291598187311902361e-05
6.431324197930876152e-05
2.074318413979146932e-04
-4.303930583718169802e-04
-2.038067766740858644e-04
1.981906933588101704e-04
8.637153122367902900e-06
-1.130665075616565002e-04
3.635552102561573855e-05
-2.558169831919020437e-04
9.462741938535201153e-03
9.463140928075458754e-05
-1.705473249537077735e-04
1.022629383417193207e-02
2.752241288939016482e-04
-9.734784804134357858e-03
5.356403358655314464e-04
7.074196860292035623e-05
2.581834015861473024e-04
-5.172206496470912063e-04
-1.003302276796517144e-02
2.446969791690142924e-04
-2.583131020150482017e-05
2.261776565574585601e-04
4.914742128478036091e-04
-2.023414569293908148e-04
2.641439005953276375e-04
4.524908529132777644e-04
2.884252759447063523e-04
9.744688856832632833e-05
-1.083773186905131705e-04
