9.704417727269548525e-04
5.170819241759539364e-04
4.308396524286553443e-04
2.618975997162572623e-04
4.317677999397382576e-04
9.588295290384835036e-04
2.626067668589510953e-04
4.302673369763106983e-04
3.036051725934881982e-04
3.728086471376510012e-04
4.651559705113197745e-04
1.649399442332499799e-04
3.722046408319509836e-04
3.033820051464237500e-04
1.662938390045059275e-04
4.646009876000577405e-04
1.682077291940203758e-04
4.647115616343082639e-04
3.715641246824971915e-04
3.884745699725879881e-04
4.648981542726078652e-04
1.664446162712539387e-04
3.875126678552257248e-04
3.715587304398439410e-04
2.610523827586009715e-04
4.931019092789364544e-04
5.057522617160215136e-04
9.656918433828841136e-04
4.930453618342044240e-04
2.603247771138712829e-04
9.627433904855014178e-04
4.475564354100390737e-04
