-1.372022887284602430e-03
3.389628718726323708e-05
-4.035438607143154353e-04
1.096669714685787072e-04
-3.384418075342122230e-04
-3.717371668530032786e-04
1.473851005878986189e-04
-4.523974982877879288e-04
1.352521294895612570e-04
4.835087994825982942e-04
-3.803277423539102019e-05
9.813819290207885168e-03
4.968049644907477887e-04
1.210327220794434413e-04
1.001436382058682774e-02
1.571866760985127557e-04
-9.373990226968468772e-03
-4.220263667515321260e-04
4.399130254371006691e-04
3.966668157401695319e-04
4.575280714082344833e-04
-1.005553778170175522e-02
3.844735572461247084e-04
4.751298334072591900e-04
1.780914382163447892e-04
-6.789224255885019290e-04
-3.440837317502192481e-04
1.558677615108809440e-03
-6.629966291713785230e-04
1.957210103799453759e-04
2.093612785579622090e-04
4.082526379574141843e-05
