9.601211621891692083e-02
5.223917063933325444e-02
4.038915666843897329e-02
2.906413485844780431e-02
4.216290965347016528e-02
9.588201542534850741e-02
2.903448284187660003e-02
4.038779907561609872e-02
3.415302278197072244e-02
3.434963859849119588e-02
4.601283223787076132e-02
1.549140638824215988e-02
3.433643073948929036e-02
3.409731644767726583e-02
1.542652919422819909e-02
4.586409942235503828e-02
1.550512551238586445e-02
4.555300878373621382e-02
3.425900098464743082e-02
4.134562521790396961e-02
4.540908943332790104e-02
1.545209862094097837e-02
4.130744195333520968e-02
3.417322678086766319e-02
2.899562596985605367e-02
4.621957250994602334e-02
5.082688195623681626e-02
9.606869199238161905e-02
4.615104085810874113e-02
2.894296110977644110e-02
9.600446769045875572e-02
4.383018417439438902e-02
