9.749685467591004450e-04
5.145326575641687508e-04
4.221704702429227040e-04
2.720841937380015182e-04
4.261456712814533365e-04
9.789555094463966295e-04
2.704222467938759513e-04
4.218818941492867114e-04
3.137229382247572196e-04
3.641425684567387911e-04
4.585525197828210970e-04
1.649512190609298370e-04
3.637681828982025417e-04
3.134429808570621690e-04
1.628748321178809472e-04
4.585930992170308908e-04
1.640239147011017930e-04
4.560722842436455140e-04
3.642884807302460221e-04
3.970629391635066758e-04
4.548568423413704392e-04
1.640684802300481802e-04
3.972125381295245339e-04
3.635879256763587127e-04
2.709541067953764783e-04
4.863899779726143439e-04
5.016359104351307725e-04
9.791393173424654209e-04
4.861329887680966555e-04
2.717137958162948400e-04
9.735093553366093184e-04
4.399505323088651054e-04
