-1.280050561659914349e-03
2.612466653173489825e-04
2.193929512238242390e-04
1.526128641391799124e-04
2.730626054883843342e-04
-8.478656187106214199e-04
1.933618375403038149e-04
1.930437357278270787e-04
1.307022103023200664e-05
2.724845508952874248e-04
2.251843525020786512e-04
9.543975369784475291e-03
2.020262301096850026e-04
-3.355946339119212588e-05
1.000932568873170656e-02
-3.121205115919865338e-04
-9.687991642746899071e-03
3.669805472210492222e-04
2.720083476304512959e-04
-6.702263230965902841e-05
-3.877290135398102919e-04
-9.876965134779822422e-03
-4.022604140636521815e-05
2.446215169320722221e-04
2.354257887942704235e-04
3.271877418114105805e-04
-1.559803421072546690e-04
1.076346214061946931e-03
3.006342817970546937e-04
1.976691613541077357e-04
1.028132949623707755e-03
6.055354136295669400e-04
