1.219043752714361900e-04
7.233261648201741033e-05
5.930467935968139151e-05
4.003776008637261575e-05
6.174347738511214861e-05
1.328267939508324654e-04
4.150506949890318381e-05
5.924813591731590775e-05
3.678071437061697233e-05
6.022917154420251733e-05
6.069557423600502685e-05
2.010926015326097729e-05
6.123021640047469644e-05
3.677751948899236792e-05
2.168513499908126659e-05
6.571084085726691844e-05
2.188999255151029440e-05
6.359354421538502243e-05
6.142146387441347038e-05
5.108776553890983195e-05
6.375214400824321900e-05
1.867440093781726291e-05
5.002709806686964148e-05
6.050569769800431461e-05
4.085762660652818529e-05
5.615802165671897323e-05
7.283126854335506863e-05
1.235181262800603345e-04
5.709600591267895327e-05
4.185854678952632019e-05
1.348478335959822855e-04
6.117738339707855764e-05
