9.617054973850937055e-04
5.225914987219265877e-04
4.309279952526170847e-04
2.623842861176236803e-04
4.334264520776214252e-04
9.738172978194553804e-04
2.622257864797251405e-04
4.300173183622914307e-04
3.031280737137545577e-04
3.770600139640162751e-04
4.655227003993245359e-04
1.722713743854954423e-04
3.770572029572871308e-04
3.023624862100194330e-04
1.697992988254115642e-04
4.647686562769363927e-04
1.699709728392424053e-04
4.693925817240322340e-04
3.764001483004299751e-04
3.955672094076858420e-04
4.681446104332317765e-04
1.714502508562844687e-04
3.954664425369884702e-04
3.767173206263433379e-04
2.609515752063054812e-04
5.000704200131526498e-04
5.100426364994653777e-04
9.654920136200013719e-04
5.004448031949084320e-04
2.608029825723092430e-04
9.757871246670199667e-04
4.460904637897458724e-04
