9.756168405916694486e-02
5.192806225498953349e-02
4.198163208571582816e-02
2.666686077533321486e-02
4.380099551632082866e-02
9.745979927883639815e-02
2.666788272503324217e-02
4.187001766342418607e-02
2.922062350628718344e-02
3.707435263254407060e-02
4.742019801657021416e-02
1.715734607898593972e-02
3.698659612620616710e-02
2.924141381394881542e-02
1.707603923990581862e-02
4.719370211438990437e-02
1.725303193171690355e-02
4.659970013630775065e-02
3.683253341662776070e-02
4.026813192145610454e-02
4.646290490719763577e-02
1.727926800039101402e-02
4.019890596682322570e-02
3.695935769599389270e-02
2.655974312199275988e-02
4.960153742870732768e-02
5.119703108585142715e-02
9.731054254892382294e-02
4.959712525386812676e-02
2.651194165715323528e-02
9.688681697364352752e-02
4.446236933296823096e-02
