3.209080026727697318e-04
7.290104549958806952e-04
1.679493176275854822e-05
2.468294321891558872e-04
1.527299679483046463e-04
2.185109263379608128e-04
2.707269852675238137e-04
2.186218908760223999e-05
-7.723137868374737062e-04
1.597117423466045056e-04
-4.183233432869697187e-05
9.502356628594849780e-03
1.559806847114701201e-04
-8.055845050488054339e-04
9.932491618760428201e-03
3.014096169585291939e-05
-9.517430099748303701e-03
1.825948172720715857e-04
1.296943654380693946e-04
1.755622339825973870e-04
-2.432350242164159392e-04
-1.001465178221584186e-02
2.290297257923470454e-04
4.507479390523523566e-05
2.785441495476314211e-04
4.195834384215310782e-04
2.536865716419671977e-04
-4.863939430339414127e-04
4.893682683830051722e-04
3.020159605598279548e-04
5.387869501448704437e-05
5.765297264471123126e-04
