1.182020544190535912e-04
7.815765181524011930e-05
7.029800709041650753e-05
4.503870063295503916e-05
6.432733269377337814e-05
1.402967210231794348e-04
4.547216954433872703e-05
6.943917627585057570e-05
5.748262783174362109e-05
5.465866622634237487e-05
7.161204567822547560e-05
2.511719944359746447e-05
5.295982619018087056e-05
5.669413607465247123e-05
2.424906973986347563e-05
7.080902259951494387e-05
2.756140519824058752e-05
6.497066968488191300e-05
5.497166269815335112e-05
5.834266346698292315e-05
6.247090442018253444e-05
2.519473767374723734e-05
6.052370222992603987e-05
5.365463684235384717e-05
4.515280915251805051e-05
8.048892533243931307e-05
7.497333467698035858e-05
1.364611228869459737e-04
7.911346058463538571e-05
4.585803802664055261e-05
1.305633959468037355e-04
6.713448375582491980e-05
