-9.362079057405937356e-04
7.698459184793435923e-04
-9.021164821229436126e-06
5.837692497328502989e-05
1.800379891658664014e-04
1.490959180377960432e-03
3.701552490822442821e-06
1.208726286414881972e-05
2.762022753072975985e-04
5.922073583455714002e-04
6.085958219329977610e-04
9.706663052550471710e-03
5.811857754841907647e-04
2.044345364303966318e-04
1.007122463836490969e-02
-5.037973074161803495e-04
-9.690174625595567720e-03
3.898043240293352072e-04
5.627994134493462686e-04
9.642852862680058291e-05
-4.048288008542147930e-04
-1.002785773298234262e-02
1.164727264964475061e-04
5.188453658913125656e-04
4.039749804887186500e-05
-5.255744805174378308e-05
3.012328341607033123e-04
-3.477720403936362882e-04
-1.482262229609129973e-04
6.158149353800712600e-05
-1.720752726494919813e-04
7.090063847153405116e-04
