-1.042227135400886068e-04
8.611579823410926205e-05
1.957211023694179202e-04
1.565051854429755980e-04
-3.269553966188535666e-04
-8.083754962161174154e-04
2.377446726574825226e-04
1.940961069678244022e-04
3.638300751938132981e-04
6.446662252640968831e-04
-7.130498670380149484e-04
9.809765949309583871e-03
7.949530706180956167e-04
3.117274914066556885e-04
9.827265232603021872e-03
5.391406933578931455e-04
-9.501527708607545100e-03
-1.656178566659990807e-04
5.984302852884241250e-04
2.252072248702137046e-04
4.674010697095957952e-05
-1.029214176543586691e-02
1.772533847572295949e-04
7.129437798215480012e-04
3.061580427475544706e-04
1.948154630698985181e-04
-2.344782394299079885e-04
1.472418807209771813e-04
2.262159230836668109e-04
2.031190366171951476e-04
7.019899107136992004e-04
-5.145128546617177092e-05
