9.747271456044506906e-04
5.171194057826854684e-04
4.139304004843580949e-04
2.737449133741593735e-04
4.264012652049767121e-04
9.807369456770239496e-04
2.727943722790827008e-04
4.131530605189520796e-04
3.251222297800031931e-04
3.541424545854503355e-04
4.628762399529937044e-04
1.601010881653610024e-04
3.544267048517606416e-04
3.252285274636291406e-04
1.611327267349405652e-04
4.609592121265735656e-04
1.605902606860311441e-04
4.683938745339553435e-04
3.541320935585989143e-04
3.997296528657673961e-04
4.658426192134995430e-04
1.600805790375623631e-04
3.999879842148056064e-04
3.540595289287131039e-04
2.734968730425344505e-04
4.820648042074641157e-04
5.025721811465529024e-04
9.766551646009102600e-04
4.816241557525571143e-04
2.732925651841788210e-04
9.762011202972359315e-04
4.419214306949698816e-04
