4.463010204137561024e-04
-4.631190797182235678e-04
7.436993922856990511e-04
1.006107942529561975e-04
-9.042236232748806059e-04
-1.995243088181608993e-03
1.179288349957528589e-05
7.407081968083539802e-04
-4.457937661862223155e-04
2.743107030964024909e-04
2.640573817320487991e-04
9.681312955550932728e-03
2.401926030624679308e-04
-4.330215169888524578e-04
9.923404996345088283e-03
-2.078816491683029997e-04
-9.481158958706248016e-03
9.246267743235367202e-05
2.770730224101500380e-04
-4.763663761822581268e-04
-4.476370167094204382e-05
-1.006779534878772704e-02
-5.081831087336706639e-04
2.497168193441789627e-04
2.507354763219484949e-05
7.246058798255732014e-04
-7.692247966787542097e-04
1.527231425185809021e-04
7.090825019496694226e-04
5.661045682764465021e-05
1.394089248760325972e-03
-4.662270205458357510e-04
