9.896606606932586286e-04
5.237785131062239847e-04
3.988713409088882195e-04
2.878867437201938296e-04
4.273603916891484562e-04
9.822302704872640493e-04
2.875889063989222521e-04
3.983270529562900927e-04
3.406225911808410489e-04
3.423404163433502634e-04
4.621347741590430816e-04
1.555772240769435284e-04
3.428000787097370628e-04
3.404098789922561106e-04
1.571945766747406066e-04
4.617905431832938171e-04
1.574441996534853055e-04
4.592936587863355371e-04
3.419914316382173958e-04
4.158479656177910808e-04
4.584273998816878418e-04
1.564839170652276975e-04
4.149672223687131509e-04
3.418534320474698302e-04
2.874071595981529930e-04
4.653758979631131775e-04
5.100067041397020806e-04
9.831711054025598587e-04
4.649492329327684342e-04
2.869164189468607798e-04
9.900497123222801611e-04
4.437410496581257482e-04
