2.879336401894753614e-04
-4.450401647709799628e-04
-7.482275433982003149e-04
7.562190953691882999e-05
-8.881049980735155648e-04
1.201521655359771325e-03
6.622192262234029086e-05
-7.698362242343278084e-04
9.189679373605615922e-04
4.908857984905469441e-04
6.635553750061536516e-04
9.641016359246457751e-03
4.750459257557240896e-04
9.938709718206025032e-04
1.000712869148062678e-02
-6.781803766268904975e-04
-9.637310281023686587e-03
-1.617302652867208524e-04
4.597161457603621553e-04
1.288280411057552517e-03
2.031216067983575280e-04
-9.893627296434545637e-03
1.232178983485075069e-03
5.339358979349234950e-04
1.303520933188961775e-04
-1.234843656391119635e-03
-1.016693582084884787e-03
-1.157272453479546925e-04
-1.226979120265630357e-03
1.492723880356831921e-04
-1.350389643534514105e-03
-4.726155537784764858e-04
