9.640297203891785762e-04
5.194903878343288357e-04
4.295344326823859844e-04
2.598508005109873595e-04
4.333524604094027895e-04
9.679020763631493961e-04
2.599807637453256507e-04
4.285967641249008330e-04
3.003775140189359773e-04
3.753585734025585144e-04
4.631756876936710208e-04
1.718373903890769560e-04
3.748182974258039988e-04
3.010335386774063132e-04
1.714547390527632444e-04
4.637347293404438762e-04
1.712738092643167171e-04
4.683947140416784474e-04
3.744486782691616917e-04
4.007404464355700051e-04
4.676794608118545280e-04
1.722687074254738570e-04
3.996211732096483535e-04
3.746923862933360604e-04
2.593503132496751567e-04
5.049694766559173964e-04
5.103237260298337189e-04
9.633226287164222031e-04
5.043834850554960525e-04
2.588012962251810128e-04
9.678394928570651246e-04
4.431563588479279321e-04
