9.668002279996758611e-04
5.084174275703927685e-04
4.269243332847785940e-04
2.630433285842941819e-04
4.283869997358605037e-04
9.677025344852974642e-04
2.626287344967389767e-04
4.265379496026186512e-04
3.013320442155589156e-04
3.775345140132975908e-04
4.670851574815126982e-04
1.688275672512734886e-04
3.771201598085857382e-04
3.003155026232045589e-04
1.708764123962581559e-04
4.659624837551200500e-04
1.725172074478354279e-04
4.703078021198704652e-04
3.752947503802523755e-04
3.924306692838775410e-04
4.687884618424174301e-04
1.692215074692271200e-04
3.919096135836254414e-04
3.753874500232653186e-04
2.611573184787242211e-04
4.941456800771330425e-04
4.982072166883424764e-04
9.651922813793716504e-04
4.939225634139974685e-04
2.603925136276458098e-04
9.671821429309253662e-04
4.404888074395374876e-04
