9.785351490637722582e-02
5.156652813171293259e-02
4.265718784724336493e-02
2.654961312810071028e-02
4.284279310778295324e-02
9.711695577862888840e-02
2.655034833115073323e-02
4.263398645848429092e-02
3.137749389455964794e-02
3.679389338253107739e-02
4.668849521786357787e-02
1.627289392024207013e-02
3.669105690515820500e-02
3.131364936220971951e-02
1.611961565329144211e-02
4.659303489852179708e-02
1.635780165653287488e-02
4.617191769407335417e-02
3.681059244516120266e-02
3.952419863557751767e-02
4.620318957771377827e-02
1.628830641045976232e-02
3.947189722482749574e-02
3.675889059077968452e-02
2.659451797634004508e-02
4.875106767513810030e-02
5.003273059638242010e-02
9.709787653828090559e-02
4.881355713439367722e-02
2.653675718236379877e-02
9.733092944654861411e-02
4.447842633672059037e-02
