-9.285822022173934997e-04
1.340261596900414005e-03
-1.903882932460136608e-05
3.387614051711400923e-05
7.583623964667995498e-04
-1.036196309845806209e-03
5.333134842868423529e-05
-1.299234892915022217e-05
1.794906479119950016e-04
-3.177708683792295689e-04
1.568928403336640852e-05
9.474936393138885804e-03
-2.743796859386733711e-04
1.627277344196804954e-04
1.037927214918805789e-02
-1.541956566750615873e-05
-9.814594426823001691e-03
3.730534167440131398e-04
-3.962601672549831422e-04
2.652539686801629005e-04
-4.302622745378646045e-04
-9.824042381086035836e-03
2.257090263241802387e-04
-3.278446566739006817e-04
5.680293060958056903e-05
3.237091584078913509e-05
9.558228604201571580e-04
8.166437969141719481e-04
-1.804892552639820433e-05
8.303360341623546536e-05
1.175195436949428218e-03
1.156982400814298611e-03
