9.585396594940044646e-02
5.133652048963258802e-02
4.238283061768359505e-02
2.664043158189696725e-02
4.334910560965789944e-02
9.542669459078370608e-02
2.673097691723044442e-02
4.224143465586183838e-02
2.957064828348180199e-02
3.740656537453992958e-02
4.653759352224032253e-02
1.727096372417045653e-02
3.738805682097928046e-02
2.966002554478133421e-02
1.695883170771936635e-02
4.644125679003931195e-02
1.723908362655268700e-02
4.698061229051488097e-02
3.730655475446888192e-02
4.016638523341260064e-02
4.680216924158778907e-02
1.711946399211582842e-02
4.008166728058855377e-02
3.742198667200158368e-02
2.666869691996692424e-02
4.978355375843480923e-02
5.059505031039798761e-02
9.658721439364222061e-02
4.968243636504111882e-02
2.651541385936900808e-02
9.557499355995717483e-02
4.402850647224185177e-02
