9.596111089551574713e-02
5.097924194881422316e-02
4.231738364968791466e-02
2.617633782967286257e-02
4.303082206348487343e-02
9.686140194104246592e-02
2.628143721325000570e-02
4.230400251897192127e-02
2.947873368488686252e-02
3.685259163964799828e-02
4.743489434754105671e-02
1.712219834076469244e-02
3.689276863534323575e-02
2.951908868997690782e-02
1.717262704583292707e-02
4.742277192683070491e-02
1.714499496177421950e-02
4.781226406745272411e-02
3.689742429584078748e-02
4.035028473174463726e-02
4.762027804464290942e-02
1.732193179835647343e-02
4.022469154908919764e-02
3.688492289124976203e-02
2.623347445275823683e-02
4.977900072579843904e-02
5.038822796407206595e-02
9.704616247045839972e-02
4.974124883517853229e-02
2.606396999546230914e-02
9.610697704922796514e-02
4.358412183042006949e-02
