9.674908800195428094e-02
5.091079390545591443e-02
4.284497978587657047e-02
2.603252883129951803e-02
4.254983159186249281e-02
9.682348302113374938e-02
2.602765514119149276e-02
4.284636113861865769e-02
3.033016633472096490e-02
3.728940116547194844e-02
4.714374367224730827e-02
1.698924064261315980e-02
3.729783400882449862e-02
3.028950263392691730e-02
1.695499702361210129e-02
4.702018102871936139e-02
1.693230900084724197e-02
4.683574106850948299e-02
3.730796211951964425e-02
3.913124266466407042e-02
4.677559359896067692e-02
1.713039771481005002e-02
3.905622051892528035e-02
3.727154643139457546e-02
2.604035055314901995e-02
4.940138188846474737e-02
4.976969613765305778e-02
9.667823520235947765e-02
4.933951825268730051e-02
2.600104785550895470e-02
9.665757906737031113e-02
4.382253319859061302e-02
