9.646125494574720339e-04
5.114157840802256412e-04
4.135476472930333042e-04
2.632557183847577674e-04
4.320196891921814723e-04
9.827656781830576994e-04
2.616715257749416463e-04
4.124595789552026296e-04
2.934261860013891014e-04
3.685701961855137199e-04
4.653532388185181853e-04
1.704089817493723751e-04
3.681277956515995584e-04
2.926831912552262994e-04
1.706150834440671861e-04
4.653332844912713728e-04
1.691618457285755254e-04
4.670026116046537478e-04
3.684699325303213667e-04
4.025054768059671551e-04
4.659564545001089442e-04
1.726698511236663606e-04
4.024419000178621766e-04
3.678532178020539156e-04
2.618398900502287075e-04
4.986607483119652896e-04
5.056872853677815954e-04
9.677671672186111563e-04
4.987728025411093885e-04
2.616158261535639438e-04
9.716107942921869576e-04
4.385636919825305706e-04
