1.164922561900076664e-04
6.662417922451167656e-04
7.085945255819839665e-04
-4.432509815841776817e-05
-8.276497274809158566e-05
4.294101345227703884e-04
3.982050838563429849e-05
7.572011212698934223e-04
5.481329672031530882e-05
-2.681271799614845736e-04
1.145921352558912479e-04
9.794249576728317544e-03
-2.780302667882202788e-04
3.238395321240591045e-05
9.783225159616012676e-03
1.666594644989590358e-05
-9.593022007080315161e-03
-9.764563473427917938e-04
-2.542098531943000729e-04
-3.209046957538059163e-04
1.181535175312142675e-03
-1.025955055036747651e-02
-3.198186133836463719e-04
-1.577596487685917919e-04
8.779504452213232775e-05
5.648900110102394534e-04
6.134706695920893690e-05
6.476561035430557830e-04
5.509750945213653332e-04
2.998823239709551649e-05
-1.262986709512205078e-03
5.017911348342564111e-04
