-1.000818858780457227e-03
2.236400993293734415e-04
3.723933671586731990e-04
-1.277486138317139033e-04
-4.815506924922453185e-04
6.952786931184288827e-04
-1.403260481466536539e-04
4.213080749317884882e-04
-1.636983759710214500e-04
2.727626738264444725e-04
-1.671710519828965868e-04
9.672438692170583219e-03
2.897164622551640263e-04
-3.494211765745720085e-05
1.014278109657733122e-02
1.400325250491095538e-04
-9.687411486373333908e-03
3.916759486155265910e-04
2.466581196263972439e-04
-6.658065274341822817e-04
-4.697329143372211109e-04
-1.006253974712598837e-02
-7.376059479155654955e-04
2.819045228087150245e-04
-1.062960122006782390e-04
3.160677942988248551e-04
-7.126883677233747849e-05
3.093680626391929556e-04
3.318961650834494959e-04
-9.774076026387813407e-05
4.548736912907175067e-05
-1.766965757364439833e-04
