-1.096963184134790376e-03
3.682834008545018381e-04
-6.207045856833248894e-04
-1.712086424077727070e-04
3.866143076335199717e-04
-7.413433170531826379e-04
-1.526874028245080812e-04
-6.569645071220532335e-04
3.627518052814593234e-04
-2.336175225132586632e-04
-1.024780724838837806e-04
9.720994432448379352e-03
-1.863126336981683494e-04
3.060999762160357949e-04
9.777243181551337897e-03
5.027549303149303483e-05
-9.527393122691650562e-03
-2.799000654699453018e-04
-3.116006772097327745e-04
4.628732135291605920e-04
2.425630182676369166e-04
-1.050347456022845440e-02
4.874399246191786321e-04
-3.143980849100421263e-04
-1.724878799748120431e-04
-1.103394134836676276e-03
3.901949731422403589e-05
1.224902598466886009e-03
-1.064666243539009191e-03
-1.289155275814766154e-04
6.044717458316000184e-04
6.901783016218122208e-04
