9.638145361225533558e-02
5.119518510971375613e-02
4.128422711570096937e-02
2.643243128301937112e-02
4.298385047920903063e-02
9.662855903454954654e-02
2.641542899262136132e-02
4.123541577921896462e-02
2.905235738051259800e-02
3.652055955054591546e-02
4.757824871082205059e-02
1.718527849026533355e-02
3.661068300922847019e-02
2.900280493357147715e-02
1.701938701012183780e-02
4.749594719904390999e-02
1.713766574112636845e-02
4.699064586039667507e-02
3.665036933382542078e-02
4.039153498836137862e-02
4.693460883501986841e-02
1.723659960513876724e-02
4.031146383834478125e-02
3.665573094053023451e-02
2.637320172752264866e-02
4.980434819650270128e-02
5.084432474849853029e-02
9.615890078312165634e-02
4.974803167151509858e-02
2.637763482671449250e-02
9.659204042373366328e-02
4.345822693384715496e-02
