9.778493632423669590e-02
5.114664320484819254e-02
4.271186260529277745e-02
2.607447151230245924e-02
4.278277313830496087e-02
9.622217799325598342e-02
2.611515582979651029e-02
4.263126006572073856e-02
3.011873185837996708e-02
3.761342973724120936e-02
4.663258232342711029e-02
1.702170793143852057e-02
3.765137705622693259e-02
3.000773681046948679e-02
1.673720581902203922e-02
4.645190764782104048e-02
1.686868684497755747e-02
4.693888052117752008e-02
3.770322881078001093e-02
3.890752434737344834e-02
4.667185692771032290e-02
1.705462836790739428e-02
3.889775754173088740e-02
3.758223500876860246e-02
2.610771766089464013e-02
4.983201071917982977e-02
5.002942920250357667e-02
9.656135751888801633e-02
4.990625391818320072e-02
2.600767074159079928e-02
9.719464009613736077e-02
4.411067118990227159e-02
