9.863905521478362470e-02
5.080181638349601930e-02
4.146795766835556507e-02
2.647412965660396467e-02
4.296640383331099683e-02
9.852210832555220732e-02
2.648185738758373348e-02
4.140270473987161387e-02
2.931972985226266940e-02
3.669463218736477433e-02
4.729290317637332292e-02
1.698334163118037782e-02
3.653102057652165419e-02
2.932471097810654057e-02
1.709659399304994457e-02
4.736440319252892966e-02
1.707722978731853955e-02
4.753772556213815143e-02
3.653968208858664884e-02
4.019202774200164585e-02
4.753074856466493053e-02
1.727509009650688918e-02
4.005175996117615184e-02
3.657017063176018490e-02
2.638376735373392651e-02
4.963918385785469345e-02
5.032471894899270132e-02
9.832062677519687321e-02
4.970855488767274982e-02
2.633692217472565628e-02
9.841544415559552728e-02
4.350418625593785449e-02
