9.709819356985103112e-04
5.070047518937623393e-04
4.139160445804583154e-04
2.667212226955097479e-04
4.275603570387601082e-04
9.638834422233683984e-04
2.648633301701156417e-04
4.138141190368071370e-04
2.918268587325332369e-04
3.648610235068811903e-04
4.761729027239555581e-04
1.704323669162518412e-04
3.639909298007556115e-04
2.905039738792996391e-04
1.704501063268419939e-04
4.756687126539619931e-04
1.710672862041446739e-04
4.712578353641286104e-04
3.637797930147555888e-04
4.019197644622961307e-04
4.715258567485489322e-04
1.708585566830523531e-04
4.020397571054773011e-04
3.631040271319241472e-04
2.634872984183442551e-04
4.970685765859069816e-04
5.034869999381681119e-04
9.703949219607191064e-04
4.971880744020049266e-04
2.635310334297854781e-04
9.673326079033546087e-04
4.324420642501340803e-04
