7.279933174980813410e-04
2.012453344302299709e-04
1.474573168215005746e-04
-1.474556833350777079e-04
-5.384203770853602904e-04
2.167090651556470603e-04
-3.725203765682636229e-05
1.217234935724305800e-04
-3.103639774869085505e-04
-7.633884712331544297e-04
2.024396395555319106e-04
9.387238422324108850e-03
-7.355888817452880223e-04
-3.474004680961496655e-04
1.013501264911530544e-02
-6.225194356671037189e-05
-9.695797449889556954e-03
3.801084843964042136e-04
-8.354662661692666267e-04
1.052038623776025989e-04
-2.429002857655726045e-04
-9.892103719631940156e-03
9.384775544628473599e-05
-8.050099111372888572e-04
-5.077039197585886550e-05
3.349746908734456733e-04
-2.843954191200164742e-04
-7.607267966953890027e-04
3.259516869321171968e-04
2.646416344404879395e-06
-1.089529703883931986e-04
-1.635715980559508144e-04
