9.689404170675228190e-02
5.101063105230046330e-02
4.287514048223179525e-02
2.586930478800608321e-02
4.265614643956185809e-02
9.769060609428335817e-02
2.585916466072847586e-02
4.273282580486931909e-02
2.989738882724807950e-02
3.720139221122423928e-02
4.634113917222833223e-02
1.721943781374967938e-02
3.718457299331224403e-02
2.982108115313915342e-02
1.695103582715444535e-02
4.629818299762242240e-02
1.714000978176877937e-02
4.701456739323201656e-02
3.712612944571622858e-02
3.901673869099840652e-02
4.691577596100642705e-02
1.690892226615978849e-02
3.899976460301905756e-02
3.717423969255827937e-02
2.572939965263172646e-02
4.937576237973732851e-02
5.002454624793045007e-02
9.729523866394544640e-02
4.934390923066454132e-02
2.573114818475252460e-02
9.807119538764552669e-02
4.387790981284401398e-02
