9.789714890269164693e-02
5.124175084447551987e-02
4.247865768556569749e-02
2.722282630410417098e-02
4.208478427093712004e-02
9.738553054395708564e-02
2.710211890248314173e-02
4.246646663562732293e-02
3.155284956982581934e-02
3.642634432120939181e-02
4.627985991083976430e-02
1.612224786904095306e-02
3.644557850666989285e-02
3.148820430951586313e-02
1.636352881466908091e-02
4.618800011742372341e-02
1.640403089684573310e-02
4.615081830972598415e-02
3.651104339393671655e-02
3.983724321964873111e-02
4.599519404232131625e-02
1.624929255371914891e-02
3.986006734067657625e-02
3.643199216279020825e-02
2.716363130783163576e-02
4.890267732822067143e-02
4.973639313334035639e-02
9.656477245576280954e-02
4.878826554044483899e-02
2.708740449902414041e-02
9.907885958897623413e-02
4.379505230509589397e-02
