9.604435991541026944e-04
5.094148331682809205e-04
4.275001864402823578e-04
2.609902545757364746e-04
4.292652116898840642e-04
9.667572554702744386e-04
2.601914960010103949e-04
4.280773800819100247e-04
3.004577781920341004e-04
3.753172692727811135e-04
4.721271008147789709e-04
1.725480136351227503e-04
3.745483583126091765e-04
2.992981454210186850e-04
1.703914801924189383e-04
4.705453480021155161e-04
1.691439077634665446e-04
4.704686316631524843e-04
3.749440362234017672e-04
3.951374077459505509e-04
4.685876640949474003e-04
1.728513258667385569e-04
3.949242855747741709e-04
3.738374596401516426e-04
2.595790723472363453e-04
4.988643228309812532e-04
5.000549263205576874e-04
9.661885688216338784e-04
4.989490747735584892e-04
2.591794898027383596e-04
9.600081572840779478e-04
4.393128891174634897e-04
