9.703762004679605986e-04
5.119588130686672641e-04
4.253335699627592420e-04
2.742973176145266454e-04
4.318107965366338257e-04
9.580097557170584935e-04
2.728679943081347304e-04
4.244807840740182515e-04
2.952965115295516402e-04
3.755750703725897624e-04
4.699297056997121607e-04
1.719296614310432099e-04
3.751965580645665130e-04
2.944025269798987692e-04
1.718283934076136237e-04
4.687962482078400256e-04
1.722631981931957424e-04
4.758670357463774185e-04
3.750853494004484519e-04
4.086024463993564331e-04
4.741886826294691259e-04
1.733211334874389738e-04
4.092658402906207958e-04
3.754327133834366669e-04
2.721973012899662385e-04
4.989278618965443989e-04
5.064045405750188964e-04
9.696371517012655631e-04
4.993394963386880428e-04
2.727024645737360269e-04
9.654901718482073771e-04
4.391015901049901641e-04
