9.359435636185889818e-05
1.503177094429270573e-04
4.173072511204473068e-05
4.178663216739723576e-05
-3.128611571456953806e-04
-1.086730497308967497e-04
3.197784673586554790e-05
3.712876064262706475e-05
4.613620176920788185e-05
6.749963915503388368e-05
-1.679155439556730199e-04
9.640185205451685946e-03
7.756036505506638562e-05
3.540125677627969122e-05
1.002823424850208568e-02
1.723774235784315595e-04
-9.634378929081376802e-03
-9.604280093640098258e-05
3.614154461788932516e-05
3.088940019186574537e-05
1.073193936412550971e-04
-1.006414005693092965e-02
3.812791250810381713e-05
2.827567521903762368e-05
8.854757163114395410e-05
-3.263064054375604804e-05
-3.113587949971652899e-04
7.223246976162046764e-05
-3.416849735520833680e-05
9.071748690583703912e-05
-5.860736710704019767e-05
1.610440318190636583e-04
