-4.154248544327028797e-04
4.579582483578388064e-04
7.475689665635639912e-04
1.301901558842465361e-04
-1.334739866516187242e-04
3.596326866091400154e-04
2.005960465503154569e-04
6.468020635309416075e-04
-4.966845163116288169e-04
6.351851681638304332e-04
4.666781272974571278e-04
9.574400258920737553e-03
6.163215070059013161e-04
-5.239532706582298400e-04
1.003364932514325993e-02
-3.330382929295495052e-04
-9.508934652865572504e-03
6.790268859257115892e-04
6.563491544625141500e-04
-7.954673813955947994e-04
-5.576681309360476905e-04
-9.977024561875644237e-03
-8.206939158795516134e-04
5.818929116860559452e-04
2.169332283989373682e-04
9.007773573626271868e-04
9.773069663925886713e-05
-5.076547299830698294e-04
9.164820201679605479e-04
1.611730568177616196e-04
5.145218270732040749e-04
1.636956998687014826e-04
