-1.184824948588237133e-04
-5.997417702153838657e-04
8.636045959107871537e-05
-1.441044678689152832e-04
-1.088020912482050295e-03
1.433684627210085475e-03
-1.899945938619533982e-04
3.539833506331033783e-05
-2.106666039154951456e-04
1.156530685620697438e-04
4.022191624781567892e-04
9.664519986244724664e-03
1.404494349710066787e-04
-2.125772803192851261e-04
9.988526555218620387e-03
-4.333184565477759035e-04
-9.559383867250080200e-03
1.056412245024810590e-04
5.873587238107808121e-05
-1.882148936398792699e-04
-1.383450114102202665e-04
-1.009187677807916843e-02
-2.517469863237472975e-04
1.006252961382992191e-04
-1.597170184126534573e-04
-9.571344944358789323e-06
-1.144184604466912418e-03
-4.271026616482037869e-04
-8.707239656575535450e-05
-1.570052593153449863e-04
-9.375221935652630883e-04
-5.777253444515020051e-04
