9.693237051969183461e-04
5.258438363898682933e-04
4.074899633957622825e-04
2.865105312425795690e-04
4.280154928685560409e-04
9.914724602687122190e-04
2.870102061994082745e-04
4.066875548095772721e-04
3.343978974255853998e-04
3.492291141683397126e-04
4.642553204129870018e-04
1.587731914613293950e-04
3.485875782631497953e-04
3.340708602974144749e-04
1.582661264243288022e-04
4.635575759682978702e-04
1.576287791897625057e-04
4.596386808957894643e-04
3.489179193100629367e-04
4.075249139726819171e-04
4.574732234796590564e-04
1.603585934118446584e-04
4.069813159551639403e-04
3.485140883297511375e-04
2.862818259026661278e-04
4.707295716261024354e-04
5.125801209873918733e-04
9.806234874065625044e-04
4.710406417179423375e-04
2.865375507241852337e-04
9.747513900126377915e-04
4.442503072075611311e-04
