9.649764149452233486e-04
5.189246895418656979e-04
4.030936367400617571e-04
2.892415682435275134e-04
4.182490291327176546e-04
9.807002055873181509e-04
2.894620273790936087e-04
4.016528145749758403e-04
3.374808401710987908e-04
3.459983242244418127e-04
4.566353331781225640e-04
1.571637531920852928e-04
3.451243069175264255e-04
3.373192710003166295e-04
1.552999448092603606e-04
4.561861186799798240e-04
1.551654792186105635e-04
4.595074277299674424e-04
3.445782329590690342e-04
4.138711655925278714e-04
4.574921325907509227e-04
1.573331845288877546e-04
4.127054433949938709e-04
3.450779506782516190e-04
2.891643798789602770e-04
4.619893472501028020e-04
5.033976751046944156e-04
9.770780388072399045e-04
4.625198204251529388e-04
2.878732303006420684e-04
9.700657589612898552e-04
4.365340042629904920e-04
