9.806488429982844392e-04
5.124401511751591623e-04
4.277496107987434522e-04
2.603104942183220080e-04
4.269275508411167659e-04
9.751789435550646404e-04
2.603002828522756572e-04
4.271491953807691122e-04
2.996035380407530212e-04
3.762914320287429190e-04
4.621689731162419894e-04
1.694220741328859110e-04
3.759320257099205663e-04
2.991576952162670780e-04
1.707992915252977059e-04
4.635459616373882033e-04
1.716378794349388091e-04
4.658422518452891466e-04
3.755423355277657583e-04
3.930267629340322894e-04
4.665306120259558420e-04
1.703710133322878281e-04
3.920802148921635798e-04
3.755112209938670084e-04
2.593753007528291649e-04
5.055667118487499126e-04
5.036542041940458674e-04
9.734783650751059484e-04
5.052849613504190257e-04
2.582132811721362222e-04
9.806575822989581966e-04
4.375484541326501108e-04
