6.993925833325156884e-05
9.120701779066610424e-04
1.556568355697939400e-04
-9.251184837684968344e-05
5.570961423216257374e-05
5.373952336566464134e-04
-6.271709361022988129e-05
1.161703421654274959e-04
-3.957099181443576500e-05
-2.636893963846570336e-04
3.170422958327544162e-04
9.587678742231226653e-03
-2.978164936651462604e-04
-1.106401468863871929e-04
1.011668941749981239e-02
-3.211328639347835905e-04
-9.580350123963131057e-03
4.132650354994718057e-04
-2.635006780900196353e-04
-2.907917438447551474e-04
-4.581081669659948347e-04
-9.996554828189046366e-03
-2.518474075716597201e-04
-3.185802341180401696e-04
-1.037595872447482926e-04
1.516786841882675988e-04
2.780943156024374106e-04
-3.291455372137286686e-04
1.397103208489595180e-04
-2.272747005066850473e-05
-2.786560544138989609e-04
6.313618336445396724e-04
