9.694812806920635696e-04
5.135676606065946387e-04
4.187301891506191830e-04
2.653496663421620137e-04
4.332782619809936965e-04
9.791374055636730724e-04
2.652687628769806981e-04
4.175050423896549184e-04
2.926461283873797508e-04
3.724372923012531198e-04
4.704322966063159629e-04
1.718758858954392990e-04
3.726404210918617750e-04
2.933794227923814790e-04
1.723040020269714411e-04
4.686328043582103225e-04
1.728228397502739764e-04
4.684422523146722600e-04
3.721695692243665293e-04
4.080549047699652543e-04
4.665131900555130454e-04
1.725770567785871602e-04
4.078837458482688317e-04
3.725673450689721746e-04
2.650106575212658809e-04
4.993613834039046856e-04
5.082315206336836732e-04
9.724118230807804637e-04
4.988579711306577805e-04
2.642518568622065833e-04
9.752361361552882007e-04
4.398687950729802151e-04
