9.771019995602301268e-04
5.208109972830172584e-04
4.151949522012927181e-04
2.757016873044188313e-04
4.319253499737044175e-04
9.772500819759072192e-04
2.753445385054431572e-04
4.140919222627201897e-04
3.199366600584317884e-04
3.516762520191402965e-04
4.610774767980911387e-04
1.593838911584196294e-04
3.507032648677128927e-04
3.199100774043432617e-04
1.598174207228592525e-04
4.590606613365924354e-04
1.599546429426374915e-04
4.638987031669807200e-04
3.505884870732899972e-04
4.017712970840496751e-04
4.619003172793912965e-04
1.595456999702339878e-04
4.014800712714963662e-04
3.514265391205256264e-04
2.751719496420612209e-04
4.681419805358139909e-04
5.067642445500613419e-04
9.737835439557723360e-04
4.683943590821947663e-04
2.747244596277471115e-04
9.762975675026166165e-04
4.489293434126114825e-04
