7.290755267065142679e-04
1.328472042040019444e-04
3.126073274621431327e-04
-5.266265490349119038e-05
-5.731588433586858825e-04
-5.558070629336831804e-04
-6.007187779558356331e-05
2.970076745636152094e-04
8.646460363224182466e-05
-3.651850371017200059e-05
-4.404305004318993799e-04
9.384577216307700767e-03
-6.313376548061092541e-05
3.042503012542678177e-05
1.008816384253733746e-02
5.859576108379772191e-04
-9.794776129718510069e-03
3.144932184748914974e-04
-8.679654664248846383e-05
-3.968999280047099515e-04
-1.635896566118348453e-04
-9.806228267230312698e-03
-3.937338006085849135e-04
-1.640120347679939320e-04
-7.109329943705612902e-05
1.552993672057488724e-04
-3.403798217414326865e-04
-3.422862976044607915e-04
2.059430305907801971e-04
-8.679361560997969399e-05
1.941904007432550771e-04
-1.584137037897775848e-04
