6.020033329533544921e-05
-1.052307680470738099e-04
-3.282689125489574012e-04
3.558839230048647939e-04
-1.732421396878468668e-04
7.067308451883029486e-04
4.332510044447958255e-04
-2.728167354780812676e-04
-4.627023815198663882e-05
3.363896623639532168e-04
7.606773159850137300e-05
9.709533684594297276e-03
2.685407939372796353e-04
-8.775672972663880686e-05
9.834952519936665874e-03
-1.395285165732405191e-04
-9.638029779721493315e-03
-2.030445549420922412e-04
2.526457409201133121e-04
1.581471473801444947e-04
1.981077470521192679e-04
-1.018681824404807194e-02
1.578379214113441963e-04
2.744910670280015555e-04
4.494293419231089087e-04
9.355659721115383120e-05
-3.694288568090786434e-04
-9.485642301941749673e-05
7.605250278091086810e-05
3.876404153359218189e-04
-7.110178908296989472e-04
1.519585856907417528e-04
