-1.427417078048148075e-03
1.985582012352660118e-06
-3.803755292905890216e-04
2.812415221232358138e-04
1.236047156880753565e-05
-2.059881044865631994e-03
2.321749687318143331e-04
-3.766749492547802683e-04
1.169313862510964645e-04
-1.452639453847502421e-04
2.941482578268039502e-04
1.010274241502856843e-02
-1.572817070923874096e-04
1.722868933403811991e-04
9.667657127007282802e-03
-2.952640322778607744e-04
-9.151104593763942710e-03
2.799474202135944522e-04
-2.681153864417136208e-04
1.592929041254202618e-04
-3.052919289513671250e-04
-1.044892372760409041e-02
1.199195895198782005e-04
-1.370669339693685377e-04
3.473121952769138996e-04
-7.058599393860029913e-04
-3.586244347670304155e-04
2.000323328817955968e-03
-6.605151144257448946e-04
2.955331474372874267e-04
1.506143182132761065e-03
4.874107995778670485e-04
