9.552602797476950069e-02
5.161791236679229983e-02
4.148779492412460468e-02
2.677899254395668671e-02
4.323792119440541398e-02
9.661000882516293520e-02
2.667183884991248047e-02
4.144531336925034309e-02
2.983111531022431678e-02
3.730145967556770803e-02
4.685404502773923147e-02
1.734213076015746896e-02
3.723389341968843386e-02
2.978494795609054613e-02
1.722941433130515190e-02
4.670764038655369349e-02
1.729454268160216662e-02
4.709376228912187656e-02
3.721956767686421946e-02
4.010039711692785225e-02
4.723543127540651837e-02
1.731088708312596494e-02
4.006422551588520453e-02
3.714680758490679358e-02
2.661668149381712922e-02
4.987185987159777761e-02
5.089146762395484885e-02
9.655323705166567183e-02
4.989040188825572680e-02
2.662587368319844355e-02
9.576428818045107372e-02
4.395950854615198605e-02
