9.766968335612864760e-02
5.141327377342352900e-02
4.287207628330799714e-02
2.660409444185090483e-02
4.245253785165062355e-02
9.631967438495167566e-02
2.656992485938662260e-02
4.270490666851988609e-02
3.055491212289239422e-02
3.730971875511023689e-02
4.698029804288070960e-02
1.664172164914841032e-02
3.733765083500336507e-02
3.054740714931980863e-02
1.674838331117884868e-02
4.696455096476137570e-02
1.672585966219156811e-02
4.739636646727858615e-02
3.717078897172684110e-02
3.890140493148312728e-02
4.737325087024907289e-02
1.665256449868280156e-02
3.888470992314431440e-02
3.732744125340198976e-02
2.658488475067246476e-02
4.898939007753003172e-02
5.007170306663501907e-02
9.823574967743946285e-02
4.894089673784320776e-02
2.645732488363657098e-02
9.653293863202076774e-02
4.393463676899220932e-02
