9.696578026448879079e-04
5.070923883129074394e-04
4.280633139499608747e-04
2.614936969529071823e-04
4.274879447236227311e-04
9.691072550100525472e-04
2.612020817580450877e-04
4.270675994234066856e-04
3.002511686528683320e-04
3.763859956934575025e-04
4.699574885723691530e-04
1.678960406913116278e-04
3.760644681924600716e-04
3.001738488398142889e-04
1.695767002098944650e-04
4.688261562997234218e-04
1.674751857269285384e-04
4.660738747897596817e-04
3.759048083033913806e-04
3.976131414271331910e-04
4.647568133056599409e-04
1.689458534622372324e-04
3.967195032024984627e-04
3.761520882136733311e-04
2.608205834507456027e-04
5.029480700209794895e-04
4.983196602862593680e-04
9.661507408285545731e-04
5.025841550241591299e-04
2.601026549419257908e-04
9.725272212539137848e-04
4.380324585073116909e-04
