9.763718046490360613e-04
5.179409899850042839e-04
4.085311876224163104e-04
2.863797684667501037e-04
4.235252306608242165e-04
9.841936745072490597e-04
2.855459420206883474e-04
4.082990413708673322e-04
3.370834796073605109e-04
3.488840400448638981e-04
4.605904147788675361e-04
1.564401115617335245e-04
3.472911319960208360e-04
3.355605022120634320e-04
1.565481140559299357e-04
4.603158818918076135e-04
1.575086166943262989e-04
4.594268028330179224e-04
3.482010406338760609e-04
4.132749552740541828e-04
4.593758102881345890e-04
1.579492579418401437e-04
4.130047505130332499e-04
3.471205503900937138e-04
2.847314080190388929e-04
4.707754783358989847e-04
5.044587319773622411e-04
9.810528746235129896e-04
4.713570599480080853e-04
2.843854492306650459e-04
9.786415583214328525e-04
4.393429868860196917e-04
