9.865425376073238672e-04
5.160710288936134127e-04
4.188044369697467334e-04
2.754150014157714628e-04
4.260201389732623046e-04
9.751752840453334781e-04
2.759001770144753818e-04
4.190583791472750840e-04
3.173868391645574090e-04
3.660138443474044334e-04
4.631613614021774642e-04
1.637679354239858487e-04
3.654805736869526562e-04
3.172407461246303873e-04
1.623195652225354853e-04
4.625041768726497480e-04
1.631373125541163167e-04
4.605332927121890720e-04
3.662662536925200820e-04
3.970938324359783852e-04
4.575821903403199460e-04
1.624766532610627512e-04
3.966927395561094705e-04
3.652687804679239313e-04
2.756019164247183848e-04
4.837371023944148671e-04
5.037770440124691908e-04
9.805505554914826279e-04
4.835102866831355478e-04
2.748544249635011239e-04
9.705366047830471347e-04
4.405063743888326124e-04
