9.704884457607430848e-02
5.097255359587523488e-02
4.117449780496194173e-02
2.689449600419675096e-02
4.292092967592100322e-02
9.713790926941404114e-02
2.681448279556824729e-02
4.115589382745134250e-02
2.922488742448235005e-02
3.671706831164070484e-02
4.751733943160334900e-02
1.736539321596335464e-02
3.677299360208630824e-02
2.914218287852087669e-02
1.718970851644080478e-02
4.739682310237591095e-02
1.730926779452379369e-02
4.688995034286753960e-02
3.663754131675669296e-02
4.021872886520643647e-02
4.689126999455404954e-02
1.734568019564758368e-02
4.014587731819770078e-02
3.662143891122431050e-02
2.665957805440690234e-02
4.951043365301772969e-02
5.045141352346487612e-02
9.757025276325122232e-02
4.943538600849553544e-02
2.670180925333716371e-02
9.646699066762742802e-02
4.344229911993709864e-02
