9.774995621652317335e-02
5.212440101553502542e-02
4.238568835008866414e-02
2.753463252971427924e-02
4.307117162261273058e-02
9.783051974597996303e-02
2.750706759322082279e-02
4.226081665090933998e-02
3.244685683941982146e-02
3.643481885892455724e-02
4.635690971135377619e-02
1.612058806251901941e-02
3.637336084934090358e-02
3.249119983587447913e-02
1.624963070095802181e-02
4.615478988752336892e-02
1.630248885452646734e-02
4.629287817107034797e-02
3.635096915094217229e-02
4.040220269262345676e-02
4.621509773456542597e-02
1.616956463844840611e-02
4.033212887322849133e-02
3.642190941870272064e-02
2.749987968132898419e-02
4.887788611355792928e-02
5.102274174339306578e-02
9.724689851741036284e-02
4.888823866771319082e-02
2.738202442755882648e-02
9.815791219903857723e-02
4.447923443860047482e-02
