9.685091628454618740e-02
5.099542812591498914e-02
4.163532356552068076e-02
2.661500039512287516e-02
4.266570683355237065e-02
9.616410610686867977e-02
2.659096581183620703e-02
4.166113205847297302e-02
2.916609841788957852e-02
3.757076878144571808e-02
4.708317563490074104e-02
1.730490572090791560e-02
3.748215001294229187e-02
2.914534519377101271e-02
1.720662837222928024e-02
4.697928512358499897e-02
1.733970695901421166e-02
4.742990621712462468e-02
3.744497063354522426e-02
3.998507129771559226e-02
4.726545197228176204e-02
1.740760873340665635e-02
3.990162249994588795e-02
3.743857807002996807e-02
2.646135994081945733e-02
4.965493210217671732e-02
5.042454622462919783e-02
9.693174646419887297e-02
4.961618265333873207e-02
2.640244366599378903e-02
9.591484868685438980e-02
4.329075023550197493e-02
