9.773083515696602552e-02
5.150057937122360513e-02
4.164352649885122437e-02
2.651824568569203719e-02
4.372994566028124558e-02
9.812622724972296095e-02
2.654242233460202965e-02
4.160976658681909968e-02
2.945732853730002876e-02
3.702470770583073806e-02
4.687903431070632176e-02
1.722468813381446140e-02
3.690239187645068947e-02
2.940714469442814658e-02
1.701891172647557876e-02
4.690556043626236543e-02
1.723381757892241198e-02
4.709804075864567480e-02
3.698844777558660257e-02
4.017784730816381655e-02
4.697996946261429746e-02
1.722832697281682229e-02
4.004132668877734280e-02
3.689985209967786700e-02
2.641233422286775809e-02
4.951940841187079528e-02
5.102496489581014039e-02
9.832419888932979191e-02
4.958835896022530110e-02
2.638665061495886269e-02
9.760741069919988411e-02
4.431425378098556578e-02
