9.776087903288458066e-04
5.181504197227562161e-04
4.148321884022931308e-04
2.652788875860893469e-04
4.368793799927117648e-04
9.690438970320149102e-04
2.650661554841161416e-04
4.139903489961035943e-04
2.925310524241528636e-04
3.738196824324693736e-04
4.680003237684173412e-04
1.715446750283094091e-04
3.731883536000038699e-04
2.924966181454545272e-04
1.727238414931621857e-04
4.672819899003267485e-04
1.723548295645253598e-04
4.701040028834790429e-04
3.723729158163553601e-04
4.030542014697128953e-04
4.692618170857349065e-04
1.706494377111718178e-04
4.024404640015268736e-04
3.725744044658711967e-04
2.641773631207159387e-04
4.945693889529477992e-04
5.133842840554245571e-04
9.728433492920610234e-04
4.940091378426581924e-04
2.638243758034659425e-04
9.719065760345694648e-04
4.423881937270995684e-04
