9.825722049323674327e-04
6.513270964356851142e-04
3.987513531710579684e-04
4.423090933080326293e-04
1.830554105356237810e-04
5.562377750888843585e-04
4.784641020127980622e-04
4.219652979470456733e-04
-4.267961764678312986e-04
3.148851893335272547e-04
4.621609708186378077e-04
9.665212054993984475e-03
3.712000308823535017e-04
-3.715033961770071859e-04
9.859281260580840880e-03
-5.151998533685002522e-04
-9.637322526647553941e-03
7.779109435018149088e-04
2.978312731675158173e-04
-1.830663717233317340e-04
-7.477858521542847959e-04
-1.014757215105146007e-02
-2.442849185443289172e-04
2.843689070237711528e-04
5.118083636764600300e-04
5.234627172749772980e-04
1.598617067158828559e-04
-6.423967107623104918e-04
4.656541105209009951e-04
5.257054278637518160e-04
-8.832801863850768195e-04
5.956603161781937874e-04
