9.618654748258699278e-04
5.064580642987351680e-04
4.142546170548039764e-04
2.710474624348124025e-04
4.248913734361917951e-04
9.674506708282399779e-04
2.708943986392722933e-04
4.134204368584357202e-04
2.916136992947161830e-04
3.702937436987532426e-04
4.725978470861115976e-04
1.696415884357127242e-04
3.703946873503052720e-04
2.917664501586637611e-04
1.708233939232653323e-04
4.724694328737467138e-04
1.704953712086623599e-04
4.753053730872600644e-04
3.697394579081053731e-04
4.037642147836808366e-04
4.758019241642418582e-04
1.708675830652799793e-04
4.034242225854610137e-04
3.700644721114437698e-04
2.700478067283470867e-04
5.025957109694220021e-04
5.012731501792537948e-04
9.605967361252874381e-04
5.021108396846381749e-04
2.695780266072754375e-04
9.601745216941050699e-04
4.304305337723221699e-04
