9.863785813944070391e-02
5.204941742576692926e-02
4.050938952594089482e-02
2.884909439346385399e-02
4.253292699174439362e-02
9.714891133835187875e-02
2.887463900379989498e-02
4.047404473602705249e-02
3.382517487187592514e-02
3.453472419978848712e-02
4.614301151011877128e-02
1.559328350573815566e-02
3.444544836952315864e-02
3.379612425163397438e-02
1.557008794830333845e-02
4.613434235370714176e-02
1.567696531651508948e-02
4.592258689540248268e-02
3.445244519443984438e-02
4.143984784964066526e-02
4.590206169691270210e-02
1.551001070427094133e-02
4.137268063327232542e-02
3.444108685216286381e-02
2.873756673356109292e-02
4.645239772579509013e-02
5.074808478119443439e-02
9.780347452713550327e-02
4.649627028053389399e-02
2.873013517086809437e-02
9.797751329308683477e-02
4.402806147009956372e-02
