-3.607558685753942096e-04
1.058449592962986725e-04
-7.122427815452449457e-04
-3.566886050179593134e-04
-4.169851200557853337e-04
-8.763631047392814958e-04
-3.099631763943808322e-04
-7.419811551300964413e-04
2.459581541053651389e-04
-7.600181156325047378e-05
3.941343337318987017e-05
9.616955093231464163e-03
-1.000619803607072090e-04
2.341571628748075008e-04
1.022023156067233124e-02
-3.168824965718925017e-06
-9.742709354191076213e-03
-1.108630361764567727e-03
-1.664647619986205172e-04
2.662852963339112423e-04
1.108198302249637120e-03
-9.922964796080841268e-03
2.604723876016407070e-04
-1.890968808943368920e-04
-2.600534184862240256e-04
-3.917203323806386613e-04
-1.842174968468614520e-04
1.060722342495613738e-03
-4.812057271037072244e-04
-2.210099883730342793e-04
1.985602639406706396e-04
-1.510657574018120627e-04
