4.167572655774108873e-04
4.515898430270905888e-04
-1.124853578917467877e-04
-3.481664270737127253e-04
-5.972781730674081249e-05
-1.041110474401765523e-03
-3.723843710502254480e-04
-4.477569012725443349e-05
-1.042880838957785774e-04
-2.058638024203195117e-04
-7.297694647723213359e-04
9.582575004516216688e-03
-1.294754632925798263e-04
-3.611243925247451772e-05
1.022142895273158401e-02
7.460087043309450655e-04
-9.725198439744509038e-03
-1.641361773466092154e-04
-1.712840898156175443e-04
-3.448025429959926890e-04
1.297800703757192979e-04
-1.000558577688441877e-02
-3.758281443290868024e-04
-1.900573262974204660e-04
-3.419107357542344044e-04
-1.528728828825290441e-04
1.218687453415281675e-04
-1.932030480860498988e-04
-1.516008153853265310e-04
-3.452995916497919051e-04
8.530409456834430176e-04
3.189534699048699189e-04
