9.773263024516903614e-04
5.154654207170288136e-04
4.267620007495132625e-04
2.646843069722644502e-04
4.330219995884374267e-04
9.679987758343858552e-04
2.639810049609060271e-04
4.268698406672670497e-04
2.974987931126137682e-04
3.696051941247832607e-04
4.640572833373391381e-04
1.685052641736748519e-04
3.698617160644841577e-04
2.972839219953217981e-04
1.707356049418622937e-04
4.648502395028181276e-04
1.724617964854812757e-04
4.646640989270407621e-04
3.687508906389356947e-04
4.003798406200305307e-04
4.653470912900487238e-04
1.688132442651236965e-04
3.993598536797856712e-04
3.688744926089527532e-04
2.635759332341040860e-04
5.009395269876345700e-04
5.075123867070795549e-04
9.758099703115687314e-04
4.997184795450803100e-04
2.637652918955947241e-04
9.643521995855120973e-04
4.430959935257698591e-04
