9.620102897859102338e-04
5.166967458078283379e-04
4.231789552838546983e-04
2.712001836292440588e-04
4.267606286840742958e-04
9.567924858201485791e-04
2.708812125564330638e-04
4.224575656087658213e-04
3.055681582002540433e-04
3.703979948035408787e-04
4.672911480872435266e-04
1.649452251639066446e-04
3.704069435760669348e-04
3.054091732851169712e-04
1.628415811123737106e-04
4.658978252008418508e-04
1.636124318245866594e-04
4.623973408166463057e-04
3.710391748249282796e-04
3.909521877311616911e-04
4.603023572162845997e-04
1.643290642024205117e-04
3.900474413510629295e-04
3.702696648815492330e-04
2.711076335093826257e-04
4.834852939825290993e-04
5.034908624281704288e-04
9.567863447175378776e-04
4.832817202842902300e-04
2.703371261707932655e-04
9.622719572160304009e-04
4.422417143114538551e-04
