9.766736124842934855e-04
5.137523911990321763e-04
4.322858451892521076e-04
2.605961971262218502e-04
4.281242590857780011e-04
9.762673419816494426e-04
2.599196713379350616e-04
4.309323148634182431e-04
3.028440101219864494e-04
3.743751898639429603e-04
4.648088468877623774e-04
1.699745873581859422e-04
3.742338905376137777e-04
3.028556584641154672e-04
1.709090751634377158e-04
4.643969792822470939e-04
1.697020356401409942e-04
4.720925273182243159e-04
3.735308479295010916e-04
3.913942036183504117e-04
4.700097130850999934e-04
1.695101774674659021e-04
3.909491758044541382e-04
3.737620224820790548e-04
2.597550469086421410e-04
4.962980354862702240e-04
5.044233617151123355e-04
9.786366283680864725e-04
4.965490004886972909e-04
2.594904905240258278e-04
9.795003237978627732e-04
4.392126913465917593e-04
