9.784191672969770603e-02
5.235056596444329080e-02
3.983482335189818951e-02
2.917271468290791661e-02
4.253024982681175015e-02
9.715918727536219934e-02
2.912978856277741169e-02
3.989125576114437716e-02
3.404912750149377554e-02
3.476989901250353288e-02
4.652156488280968089e-02
1.555297004321788690e-02
3.467263899215293488e-02
3.399435548485580522e-02
1.536968144614426351e-02
4.636220592835561122e-02
1.563062385080440583e-02
4.598859898451391343e-02
3.466853643221929487e-02
4.122805829188282839e-02
4.591599735028927681e-02
1.542167184877588255e-02
4.118740941727107308e-02
3.456716282725317418e-02
2.897667969324627807e-02
4.586359759316090828e-02
5.085335144597921686e-02
9.820521562550588168e-02
4.586251918893033408e-02
2.900762425161266395e-02
9.708679439267947631e-02
4.436893849469551038e-02
