9.800406202105441111e-04
5.250879749547346029e-04
4.028903990752870173e-04
2.932111246939783774e-04
4.231710645651090823e-04
9.737225867331345160e-04
2.922462657422796018e-04
4.028695723884039622e-04
3.388994571254335710e-04
3.489598091960525897e-04
4.592191936799890073e-04
1.566158596935984858e-04
3.494128220301963078e-04
3.385866019342805098e-04
1.579157043075657006e-04
4.577646297266439214e-04
1.591263086901835704e-04
4.597412031247555698e-04
3.498274940950904543e-04
4.114864758884770866e-04
4.594185970348561897e-04
1.573980334836740851e-04
4.116462740649616384e-04
3.482693920782983310e-04
2.922252956659315858e-04
4.632420678432846951e-04
5.078376444404230326e-04
9.721023532599134794e-04
4.625031259286464845e-04
2.919259119253655240e-04
9.801376030951849689e-04
4.424919122037848825e-04
