1.493768335095787951e-04
7.181880433966087102e-05
4.817920160548178055e-05
3.544558087367576235e-05
6.535200403336255902e-05
1.441125664760008239e-04
3.530806056263339414e-05
4.806062328365684114e-05
4.134913864075604785e-05
5.357037013801982682e-05
5.804735331134496499e-05
2.022798066278376432e-05
5.354659447769446632e-05
4.100843445265840324e-05
2.329008718741979229e-05
5.912461825315509740e-05
2.140478852004954496e-05
7.586846355561220286e-05
5.397570609778987448e-05
5.787698321580796417e-05
7.426416828063147377e-05
2.089866973132044263e-05
5.978203226981915923e-05
5.383861147984386639e-05
3.396827268479344383e-05
7.285028373528191483e-05
7.145539458723215080e-05
1.454288286632466275e-04
7.258043949638356767e-05
3.482573513226211106e-05
1.416042008814007960e-04
6.620770444394818630e-05
