9.684755728568448596e-04
5.077153149936473224e-04
4.315610394263406208e-04
2.631809142071576328e-04
4.277982614987460640e-04
9.811154585645340698e-04
2.627529457815534915e-04
4.316071000293684990e-04
2.988926315187811003e-04
3.741280848167044342e-04
4.753906179358692087e-04
1.679514271713277481e-04
3.737519052104054055e-04
2.987673711199023544e-04
1.688880809871513519e-04
4.739653457505420405e-04
1.694156676429449339e-04
4.704303196128552049e-04
3.737690501128709169e-04
3.925377846772325186e-04
4.697058489592991848e-04
1.702816556198118766e-04
3.918998101388883435e-04
3.738635486724599453e-04
2.622849244667945640e-04
4.952065922326193788e-04
4.967239626827604608e-04
9.688479473988615125e-04
4.943983131444534612e-04
2.624019970750959331e-04
9.808498253619356982e-04
4.399727397803206153e-04
