-9.562342446446456940e-05
7.265346726833971916e-04
3.889746305504635068e-04
-2.815372250347876774e-04
1.464784058177172831e-04
2.162443664897812973e-04
-3.332886826571813781e-04
4.355720364096980204e-04
-5.866672388718974403e-05
-5.299323721835029781e-04
-7.414613334927008022e-05
9.621122107548769550e-03
-4.483540974925361629e-04
-3.864683086993401384e-05
9.982465457171692258e-03
8.320341814270159849e-05
-9.646272158377709391e-03
-1.004017847841826754e-03
-4.258145274259578336e-04
-3.398607578202528820e-04
1.084916083776578562e-03
-1.000967233940889059e-02
-3.129710755525141105e-04
-5.273760477243799767e-04
-2.941583416046079208e-04
5.435585768265669147e-05
3.095904305348802575e-04
1.030023049752729200e-03
6.749318306699365151e-05
-2.428573436096201907e-04
-1.116510893927573920e-03
5.148611349002338083e-04
