-5.968555821659765354e-04
2.405171042431741390e-04
-6.040383924776756772e-04
1.377332476115160527e-04
-3.494956594691512848e-04
-1.221120159191717769e-03
7.727125361176694887e-05
-6.412006341549051020e-04
2.912092521278985928e-04
6.012928568627147360e-05
-3.910649170687800682e-04
9.592445740078198169e-03
1.124454317643605638e-04
2.910655400329171128e-04
9.925140295357485695e-03
2.677568743628121499e-04
-9.756784137226528000e-03
-3.384973933022611425e-04
1.807180636824423490e-05
6.278364189531778113e-04
2.768245527908813793e-04
-1.022747065994443136e-02
6.380617092332400509e-04
9.531433108304653349e-06
1.997089749607710717e-04
-3.294661931989886468e-04
-2.204044925127661653e-04
3.952657753110610161e-04
-3.532437018211172187e-04
1.578937106612484233e-04
1.415350876608894313e-03
1.015481642478655906e-04
