-4.883320794578936740e-04
5.832496186420186744e-04
1.508377249461435269e-04
1.299463370603435631e-04
-3.159787896824616362e-04
6.342830175009679314e-04
1.571440536038134302e-04
1.003264934882377291e-04
1.643465885737411245e-04
-5.945950666674344395e-04
8.309469217278554407e-04
9.383550805978807183e-03
-5.264556983364892216e-04
1.519621175624832465e-04
1.004966473349303349e-02
-7.645093265339379315e-04
-9.736443333012429271e-03
3.038952765924228918e-04
-5.237380576999888220e-04
6.456092274917231639e-04
-2.732831432895251348e-04
-9.777514180136682651e-03
7.275870886598525969e-04
-5.229113032596921333e-04
1.874079661758593193e-04
3.533977270140220952e-04
1.508713430527940840e-04
-1.730146030296533192e-04
3.854945152803527890e-04
2.811218091848656053e-04
-1.749340158088701322e-05
3.665256111674852508e-05
