-2.820121539615385014e-04
1.707779649478807088e-04
2.041197753357424695e-04
2.187179789242775225e-04
-2.192645980642270686e-04
-1.151816800251291833e-03
1.971385604095987675e-04
2.826405925304114187e-04
3.526287876647671900e-04
2.300837478571990597e-04
3.294347305301838756e-05
9.692248046859279140e-03
1.962100871290104343e-04
3.516038535834940088e-04
9.940387290948038412e-03
-1.348872543625203599e-05
-9.630495364101671757e-03
-1.673304563731986571e-04
1.772315716520936335e-04
3.248394105167683632e-04
6.857182602869000621e-05
-1.005152616175237872e-02
3.580929998162569799e-04
1.704647840181391471e-04
2.721529927703534527e-04
-3.549089329406275540e-04
-2.155324993964896792e-04
1.012975997672048217e-03
-3.372927218825953624e-04
2.116907359717348639e-04
4.619058340785829782e-04
1.566972539397894920e-04
