9.802641889871087366e-04
5.285450781787652758e-04
4.039745481333555772e-04
2.897790817488372916e-04
4.302033493262528074e-04
9.828463635141041280e-04
2.890050404435742185e-04
4.030783844222874789e-04
3.412249969339509171e-04
3.448047118176524972e-04
4.575619657056426690e-04
1.577335937052932232e-04
3.457790741722729759e-04
3.408679732204163257e-04
1.586124829108664111e-04
4.570371423841473684e-04
1.580159871460173643e-04
4.581241490935995201e-04
3.445361065271008842e-04
4.118524260949484820e-04
4.573436558425203490e-04
1.566816004998962408e-04
4.115616693031358213e-04
3.448980019397745165e-04
2.881370158696025031e-04
4.680850161311455476e-04
5.139257792987902496e-04
9.753258764448485309e-04
4.669217330176587489e-04
2.893657025999039076e-04
9.874647130379975331e-04
4.475583870003700909e-04
