9.692392179567038690e-02
5.125833048256015628e-02
4.281399150856581709e-02
2.670667962334783568e-02
4.305204881570869752e-02
9.690225087560627726e-02
2.660221012219822836e-02
4.279966697896484679e-02
2.990855119495237219e-02
3.741877651804428884e-02
4.663739213768228198e-02
1.701505228440526943e-02
3.736284359816436501e-02
2.981469278137253293e-02
1.710416864167238829e-02
4.656800569090320530e-02
1.720203192403256878e-02
4.686089687325434988e-02
3.744090294249115269e-02
4.064410708029091157e-02
4.673935380296938280e-02
1.720347262101087557e-02
4.058800874227205119e-02
3.737245031351395241e-02
2.651866413747655526e-02
5.014881720659503800e-02
5.073804376945029865e-02
9.713519697705724765e-02
5.017871651035708119e-02
2.651521577115582146e-02
9.749809230595660181e-02
4.367765803182530743e-02
