9.608520949870366775e-04
5.059931931882998219e-04
4.256160236269462371e-04
2.651319792477242429e-04
4.285306794146746855e-04
9.642592226088212131e-04
2.639317914520865577e-04
4.253153723234647595e-04
2.948361703280068333e-04
3.791042525538592355e-04
4.686786130734134207e-04
1.705828372023447095e-04
3.783187242831144328e-04
2.936913933349625866e-04
1.705440646360656366e-04
4.677775665895997316e-04
1.709319514510884686e-04
4.657433049868720909e-04
3.774790762880636031e-04
3.971253200368258878e-04
4.644968756674670374e-04
1.722173653439296236e-04
3.968423011086196525e-04
3.773008051339862379e-04
2.630382109750929709e-04
4.996655475210583794e-04
4.985192321324133369e-04
9.538169720830232514e-04
4.989407403617972768e-04
2.636010176950000054e-04
9.665973504870269085e-04
4.386572907032343371e-04
