9.799846449041310636e-02
5.213422212979969272e-02
4.016471418134864857e-02
2.921172867487359381e-02
4.227664957353858416e-02
9.815942725985180028e-02
2.910765921407462709e-02
4.010034820160680163e-02
3.440798258238566415e-02
3.450491914159750650e-02
4.570695104411652554e-02
1.545785286391622958e-02
3.448773456311703817e-02
3.429148199663836077e-02
1.567588296399933731e-02
4.557330627820740249e-02
1.579864166836096595e-02
4.622827126401739956e-02
3.441256292959469359e-02
4.124196914226359312e-02
4.617219385969772993e-02
1.554863747651459571e-02
4.123498410026519428e-02
3.442706011572566754e-02
2.901445494061875158e-02
4.653321845687904967e-02
5.052654987551733617e-02
9.775517280821678645e-02
4.645198394562137512e-02
2.906532499634710207e-02
9.860617831233912944e-02
4.414775329462698739e-02
