9.755752655394528492e-04
5.124195833797305514e-04
4.291208046755201838e-04
2.619743390162712149e-04
4.298688034934134306e-04
9.592970281884007381e-04
2.624832276722277374e-04
4.286895452979321897e-04
3.013255487924937815e-04
3.782024441462000786e-04
4.660928576373809628e-04
1.683355246449267392e-04
3.775380200644481120e-04
3.009508828363318409e-04
1.704973352794490651e-04
4.646683408656981928e-04
1.691855682372197839e-04
4.637645653811839548e-04
3.785686334956242017e-04
3.889956707945195383e-04
4.612071181986805973e-04
1.698913791946455221e-04
3.887528554251482179e-04
3.778188572910858652e-04
2.624697315805903076e-04
4.950249565961829584e-04
5.002719989291924511e-04
9.652675462289933648e-04
4.947319800195376259e-04
2.610182626532945812e-04
9.732300056428571169e-04
4.431118689046193099e-04
