-5.630728118176802239e-05
1.034506389544863954e-03
8.193009168076140041e-04
1.815321953105752446e-05
1.845913537168178886e-04
-5.141015480574294931e-05
5.433157991345440046e-05
8.651148554891104851e-04
7.113267841922265081e-05
3.340639834186079978e-04
-4.706175830697025838e-05
9.836341869374052096e-03
3.244413974998291332e-04
1.027789773909038316e-04
1.010847136882100407e-02
-7.332620423498503932e-05
-9.483041130733475474e-03
6.164777238561765368e-04
3.088972383649079786e-04
-2.223034144540109896e-04
-6.856953150574322375e-04
-9.967880168226014859e-03
-1.938479164015981628e-04
3.135069517812580993e-04
1.721521870349019038e-04
1.468694800054825384e-04
5.419533915573314462e-04
-2.861304304321845237e-04
2.199582019221586781e-04
1.425859507780955003e-04
4.845925939321628893e-04
6.485156614302752497e-04
