9.744508053472751650e-04
5.182701353797351286e-04
4.048295017869446739e-04
2.830565257418525137e-04
4.233722250055821303e-04
9.863239341533012582e-04
2.825205817608563113e-04
4.036711209298534026e-04
3.325148479499829158e-04
3.499343328062390433e-04
4.611322898200273545e-04
1.586051601181013443e-04
3.490352915609275090e-04
3.327222675329826688e-04
1.589284164053765091e-04
4.603036218394191098e-04
1.570597623830046017e-04
4.572734419812672429e-04
3.483846996166929514e-04
4.046011870063918013e-04
4.559774524902413906e-04
1.603454667349357991e-04
4.044217153671043354e-04
3.484289718846814220e-04
2.816799581562799150e-04
4.768529452648362886e-04
5.055441755562823172e-04
9.742289416670052741e-04
4.768652943641936469e-04
2.802993377034725207e-04
9.915731555438143073e-04
4.401165861013978825e-04
