9.881922582614197786e-04
5.222143913084091897e-04
4.016001107447216109e-04
2.905777500080382932e-04
4.221420069946329253e-04
9.752947579215818629e-04
2.906083696409032064e-04
4.009756579280356493e-04
3.433756024469320606e-04
3.457104311799559385e-04
4.581769402576075850e-04
1.553312143436612629e-04
3.449247675450990724e-04
3.433641883166500082e-04
1.580064785124377406e-04
4.580460323175324241e-04
1.594362936450269372e-04
4.633045432691797996e-04
3.451164105702944716e-04
4.143933117935805254e-04
4.640040589921543804e-04
1.536903340624844086e-04
4.138222094696454557e-04
3.447924736613714792e-04
2.899682267808462578e-04
4.678930517692166677e-04
5.059343206470044837e-04
9.834440800487633926e-04
4.681904671339377072e-04
2.892411781092774667e-04
9.855592413851184917e-04
4.412888645872860087e-04
