-1.341101484534527660e-03
-4.429802624443936952e-05
3.318657003938536268e-04
-2.170850656156484663e-05
-3.451901957451543454e-04
-2.396852314420186598e-03
-1.640564306360264206e-05
3.637762705874429767e-04
1.062007169691981019e-04
5.627586163348286680e-04
-1.920278304198333712e-04
9.709012017551740814e-03
5.698169541253249792e-04
1.753382825234076439e-04
9.879867920032620043e-03
2.778108314661441162e-04
-9.396307294553540856e-03
1.068070785884026540e-04
4.902598703699928171e-04
-1.933230919819443243e-04
-3.627666624975113882e-05
-9.970484680471040570e-03
-2.707098918386669894e-04
4.671439050986482067e-04
-1.101545003326067962e-05
-1.708435099713287062e-04
-5.210425880543533570e-04
1.777933239284988729e-03
-1.983256898336126868e-04
8.707085306240120001e-05
1.865644065813194157e-03
5.975060513763740292e-05
