-1.529096162795058438e-04
-3.272640277171535127e-04
1.704963141610654775e-04
3.091156150145513821e-04
-5.978250834722364637e-04
7.777308202377056874e-04
2.843882138753708118e-04
1.815568708833381086e-04
-7.062555014608969020e-05
-1.176756691914668349e-04
1.512536371190116622e-05
9.527151341933612697e-03
-8.688705592177194343e-05
-8.801349829703434408e-05
1.003273605456170454e-02
-1.865561764192499438e-05
-9.563652487597345056e-03
3.291986253089455752e-04
-4.992294076409926575e-05
-5.277777166078924907e-05
-2.570146356263785332e-04
-1.009406274339164945e-02
-5.168020038038956060e-07
-1.711283250705541254e-04
2.241849171012991659e-04
-7.218601928367118260e-04
-5.201864848795610457e-04
-9.884686332975269919e-04
-7.231673365907315609e-04
3.322135426279643027e-04
3.515335027991389771e-04
-3.574019332509862854e-04
