9.635288180396651492e-04
5.164884001203000168e-04
4.319420369927923394e-04
2.618802773137277875e-04
4.300440502796177948e-04
9.747449281046859223e-04
2.619216103392429332e-04
4.313358371292697968e-04
3.039927269870239105e-04
3.719329184074646102e-04
4.618920110418445104e-04
1.678468359144682110e-04
3.707507779529637532e-04
3.033900165282082798e-04
1.655697108901935403e-04
4.615120704720671149e-04
1.680684902291050087e-04
4.684922018953619057e-04
3.709957773036731904e-04
3.889030985839497193e-04
4.679525241763344938e-04
1.669721740418829696e-04
3.884793514813558528e-04
3.714928714376668868e-04
2.613937009909598954e-04
4.914674885839174535e-04
5.045461793800263802e-04
9.745677235130616048e-04
4.911342949926583972e-04
2.611199797873083928e-04
9.678529129198505578e-04
4.447026618370548859e-04
