9.811863694129553670e-02
5.195218613587424678e-02
4.018107584875295346e-02
2.892326617835894176e-02
4.236641921229019475e-02
9.837650478310912272e-02
2.883842908610299849e-02
4.008228226095229135e-02
3.437384158216895413e-02
3.460409532824273299e-02
4.580446350593969651e-02
1.555778872674510802e-02
3.460394199755906230e-02
3.433103464362550344e-02
1.552972376040301708e-02
4.572788758668582670e-02
1.562735550363916065e-02
4.608774577042872023e-02
3.461494688927759661e-02
4.166297189070867352e-02
4.602237080237833733e-02
1.559589865346003822e-02
4.164392341598133901e-02
3.460215304670272163e-02
2.880248025840239853e-02
4.653318702228447651e-02
5.060205118836788585e-02
9.844399579315249449e-02
4.645857846777395189e-02
2.872008930409207517e-02
9.820723686760039761e-02
4.402629769243270735e-02
