9.714238563910833346e-02
5.139535577115768306e-02
4.243844646058674008e-02
2.630157517095909822e-02
4.328451046423226201e-02
9.586107828271218934e-02
2.628578339181748130e-02
4.236355651563070840e-02
2.937504466317477497e-02
3.782883852193758001e-02
4.643547302192710391e-02
1.735202876541025105e-02
3.777995551487780407e-02
2.942013767971085950e-02
1.701385308348246639e-02
4.633790355492892199e-02
1.723665420966038336e-02
4.615758109969286122e-02
3.771500356899079587e-02
3.992397690848785430e-02
4.615605004569164893e-02
1.716302525044643632e-02
3.986653448236082697e-02
3.773365535773942625e-02
2.615265033071607209e-02
4.976455715530531815e-02
5.067833636991586621e-02
9.642682101519332860e-02
4.977779866251547114e-02
2.611865040748820310e-02
9.644314659514184596e-02
4.416191071741248225e-02
