9.640370134418521642e-02
5.239635404876211849e-02
4.142526353456649907e-02
2.811735381063733274e-02
4.237809531926044204e-02
9.806166220458772953e-02
2.808189006176283614e-02
4.134946078442466866e-02
3.373274394128017439e-02
3.497836878786635129e-02
4.565016445878133239e-02
1.565493885973981772e-02
3.494057965414908151e-02
3.362680481502817315e-02
1.570000547373712543e-02
4.576544163009185068e-02
1.568480938977546632e-02
4.655193955320542643e-02
3.493659556323406440e-02
4.113305792897365559e-02
4.650646528079997732e-02
1.567990896456989552e-02
4.114587109532889808e-02
3.490230709910233098e-02
2.806181186757013973e-02
4.707347734946330103e-02
5.071305951695188885e-02
9.731692607111075421e-02
4.699204213789408974e-02
2.808891214868789246e-02
9.775077517766125879e-02
4.415206565169596531e-02
