1.753388232901150173e-04
1.575242146651501082e-04
-4.874877202853966380e-05
-1.443197159742983306e-05
-1.841416562902035764e-04
8.354693646364336028e-04
-5.937629778260042606e-05
-7.049384127340956854e-05
5.508489131602093222e-05
-2.817754013431939675e-05
4.943941508952939779e-04
9.676325493179895737e-03
2.819243151315249465e-05
8.776383855474879806e-05
9.860174368440586395e-03
-4.602946740346236694e-04
-9.461723123527325530e-03
1.461337235469151229e-04
-2.089674524445105477e-05
1.204016957802144915e-04
-1.482579796283975534e-04
-1.023300266070689517e-02
1.151291078138838396e-04
-5.963785088026924981e-05
-8.184907344730242074e-05
-5.809481988991034134e-05
-1.929132213059154481e-04
-4.028273500140819243e-04
-4.042542564338896688e-06
1.825057112255483059e-05
-6.502990065400403351e-04
2.611264525143308906e-04
