-1.259621594910838738e-03
4.506998199295513810e-04
3.349288747894330737e-04
-2.044607869497461758e-04
-9.922683582526020164e-05
-7.407399152495540125e-04
-3.071207274865294864e-04
3.156886559558100182e-04
-1.963392338503127223e-04
3.982740766796040070e-05
-3.050466473830450729e-04
9.658302443267057294e-03
9.303945953362148383e-05
-2.141472608839011600e-04
9.937143777909170084e-03
1.897834450299288515e-04
-9.571418568805884278e-03
-4.954174946434849753e-04
1.069944459149834556e-06
8.199759443914267907e-05
3.826590107032444262e-04
-1.010959804229920322e-02
1.391109758378081707e-04
-5.922036421928497283e-05
-2.274878017863602722e-04
5.512091344536056798e-04
-6.075720558185903772e-06
1.020040962527711450e-03
5.652101979511542926e-04
-1.509409195748753817e-04
1.014013556151150547e-03
3.937097280990644460e-04
