9.402652356675899594e-04
3.715101342896663271e-04
-2.264874589809970503e-04
-4.990622801320584328e-06
1.096147195462039627e-04
-2.822905509981607085e-04
-2.802069020534744785e-05
-1.536690783362068199e-04
-1.443387562243818745e-04
3.607647112301878259e-04
-4.940089048793848457e-04
9.839355037024450495e-03
3.710318747298888020e-04
-1.404619489154664220e-04
9.776428316734375040e-03
4.961931973394695513e-04
-9.478652812062920985e-03
3.584279899640434417e-04
2.617312722604401773e-04
-3.673514034128386977e-04
-4.050030608814879189e-04
-1.039107881416521766e-02
-3.553669208197782550e-04
2.793257879776972789e-04
-1.555835184651951919e-05
7.686435265955984049e-05
-1.592776975483332631e-04
-1.098576652240009161e-03
7.624018354377298269e-05
5.452634685402950127e-06
5.655189511917559910e-04
5.750510660201518364e-04
