9.756559546456117227e-02
5.084841385929105007e-02
4.308242717446170850e-02
2.641076386467797188e-02
4.233229376601896354e-02
9.712606879430588092e-02
2.633450900143614534e-02
4.300294825349637584e-02
3.040022337668107227e-02
3.808553197733634266e-02
4.631297418903423946e-02
1.672474951261377143e-02
3.806916242371085474e-02
3.031667561453291887e-02
1.669702729017456116e-02
4.621878046312306865e-02
1.687830864467810763e-02
4.670805696810349794e-02
3.802654070520805618e-02
3.902831151371304041e-02
4.646755239685401023e-02
1.666814458295173135e-02
3.904591757360673099e-02
3.794727759172093068e-02
2.635716962681855166e-02
4.947263229440589105e-02
4.947567690358029013e-02
9.784200109537440071e-02
4.951969279222030729e-02
2.628318204856821758e-02
9.707360067402089066e-02
4.388378968968827121e-02
