9.633990467686802742e-04
5.165958158960734774e-04
4.311887613003432878e-04
2.624045848162031582e-04
4.317960754560767954e-04
9.644516004176616197e-04
2.620125585444994950e-04
4.309358630029665269e-04
3.051699248077294657e-04
3.751139371692815755e-04
4.678824910643017204e-04
1.673271000191305026e-04
3.749478161855533198e-04
3.031636833160608092e-04
1.659705290197388073e-04
4.678040643134882327e-04
1.663015654423840152e-04
4.655900393607058222e-04
3.748080301362506118e-04
3.857240529405775355e-04
4.648100363395722104e-04
1.667671504238717748e-04
3.853408013114821410e-04
3.736960653816323130e-04
2.610655302528153924e-04
4.937813935089767001e-04
5.037322067273701477e-04
9.707837491457877409e-04
4.935764092441448847e-04
2.621106474042290990e-04
9.602774806206136691e-04
4.465171617685523915e-04
