7.152977062719478732e-04
7.666410573408039605e-04
4.476387622011319479e-04
7.605679297940608880e-05
3.826989124941979873e-04
1.033901397349119801e-03
1.051391455806357329e-04
5.078857597976861593e-04
-5.629116699084702000e-05
2.101689611911874045e-04
1.120623941310942422e-04
9.648339628585286820e-03
2.257571297265948231e-04
-5.322516287380383280e-05
9.821399732490857654e-03
-8.560813985221277515e-05
-9.582267545320119137e-03
2.316663740560641728e-04
1.794177931560950222e-04
1.158521305291604323e-06
-2.880298867930066787e-04
-1.008241115663039041e-02
5.459837828325064536e-05
2.753968449666804093e-04
1.653649246038405235e-04
2.590407174086977555e-04
4.577654622247382538e-04
-8.896470481071483936e-04
2.557805071003510164e-04
1.317723291134313842e-04
-8.661501240294585714e-04
8.475652812517261124e-04
