9.721098919217667500e-02
5.203979728901630269e-02
4.092081990254024110e-02
2.834154640194402539e-02
4.236514549580851913e-02
9.726351725431321704e-02
2.831004270032978429e-02
4.084283256872513895e-02
3.335020914803199510e-02
3.490430295228299368e-02
4.569146842093433497e-02
1.572009423180399310e-02
3.486922846609755156e-02
3.324463815995963578e-02
1.567312971731413609e-02
4.565213890794668494e-02
1.582129744404450061e-02
4.628265678304673003e-02
3.482759886406797123e-02
4.034171721821502160e-02
4.616181693776118256e-02
1.574069227991982053e-02
4.034393328362970849e-02
3.480565506519829599e-02
2.829578025463956592e-02
4.728312831447945702e-02
5.039272837287233492e-02
9.828746120107387241e-02
4.731598159280352156e-02
2.826497621998133938e-02
9.671572857070849516e-02
4.411694182991000163e-02
