9.667156224176309820e-02
5.139864029258905953e-02
4.291125129008068612e-02
2.630909275517955698e-02
4.287890764167201496e-02
9.500615189688427220e-02
2.625228297901226887e-02
4.286686541508016174e-02
2.993748023519485907e-02
3.794713386684203660e-02
4.682150058777505980e-02
1.686796282877623537e-02
3.790148204701423995e-02
2.986776111965440753e-02
1.676304360231186882e-02
4.675010897554947309e-02
1.675829143667105850e-02
4.676648588787076649e-02
3.799785493087961402e-02
3.885509415048212650e-02
4.675066202972266022e-02
1.682549371280125938e-02
3.880544469788711759e-02
3.791672782745839770e-02
2.621903232878413509e-02
4.970331697959047557e-02
5.033077665264015094e-02
9.575367594449452069e-02
4.975427302560067599e-02
2.618730534764680470e-02
9.584940541524136770e-02
4.413194911001970533e-02
