9.713276469267895230e-02
5.112747230241135310e-02
4.184028188518734009e-02
2.661709567517758432e-02
4.274501666349155016e-02
9.646473080547843248e-02
2.656889932004005000e-02
4.173889530423052774e-02
2.944500154441227410e-02
3.760245694123676846e-02
4.732685758270264303e-02
1.729898806044316908e-02
3.758018672604240829e-02
2.939061164431292991e-02
1.711473150795839171e-02
4.734563724598225831e-02
1.727370712637858741e-02
4.702334460942898808e-02
3.761810458406803642e-02
3.994481412689578764e-02
4.709138138897909359e-02
1.720004102826196840e-02
3.997346560711829977e-02
3.757818479344590679e-02
2.662174314413696952e-02
4.984567639123685390e-02
5.050022029254374462e-02
9.753503362961354894e-02
4.984659297454273330e-02
2.651694252239185368e-02
9.682416902682076942e-02
4.334938146814376614e-02
