9.801320724168868185e-04
5.205255896440185966e-04
4.010688235561019792e-04
2.893107021671408171e-04
4.216361417571452201e-04
9.771627883181539798e-04
2.883248682977087576e-04
4.004376012644295904e-04
3.474729861376144751e-04
3.419075535635111287e-04
4.615541600386768428e-04
1.538732560079796897e-04
3.419694279432624966e-04
3.473139296542839200e-04
1.568561506484349741e-04
4.590043773608903097e-04
1.586847122721927789e-04
4.577846290070388714e-04
3.415894782058463935e-04
4.180617944693455702e-04
4.554553347636282855e-04
1.562498291444120249e-04
4.179990271157233025e-04
3.414838600500885030e-04
2.881361726241585459e-04
4.706204823093097767e-04
5.060031432970850136e-04
9.748533995169690125e-04
4.700634995841909127e-04
2.882648525455730817e-04
9.781700364325874100e-04
4.388413804904016998e-04
