9.650042742715379818e-02
5.123043766005402899e-02
4.327876854806705226e-02
2.618677395558627677e-02
4.278649864921008766e-02
9.742234653479708850e-02
2.617491717407189819e-02
4.331682601146819023e-02
2.998775290372936858e-02
3.768219442825292143e-02
4.682520854894425127e-02
1.721502778697958647e-02
3.757618690995946642e-02
2.995201028790670655e-02
1.712597499963162614e-02
4.673448525871037873e-02
1.712508912892171317e-02
4.726610450100929284e-02
3.766219360191877530e-02
4.007799902194496278e-02
4.715406927462294923e-02
1.743264553921879123e-02
4.003719020268350914e-02
3.759450816082463703e-02
2.621744708718413627e-02
4.965836825443011027e-02
5.024900599934718076e-02
9.668292693660805737e-02
4.971365539114633997e-02
2.619113050176193058e-02
9.688325482756174334e-02
4.392304889169106746e-02
