9.640760798284805401e-04
5.114570701242665204e-04
4.329673130430037676e-04
2.620004737122912618e-04
4.283740968804086724e-04
9.740029551152329596e-04
2.612562640476223837e-04
4.327056185069257685e-04
3.028421816605160553e-04
3.815242485753980056e-04
4.676957463960749518e-04
1.697887865961886645e-04
3.811139531466857457e-04
3.011603311127482459e-04
1.704670945794762151e-04
4.674354756313868009e-04
1.714797995423725924e-04
4.647605701908107882e-04
3.823824287053943847e-04
3.951827408098486849e-04
4.632379368961311210e-04
1.706221413932722199e-04
3.946577910612139562e-04
3.804869539800882056e-04
2.613029865254811921e-04
4.987845838696423591e-04
5.027519615116730813e-04
9.663884054791482955e-04
4.988947705987700678e-04
2.616728911162104557e-04
9.695302017779002923e-04
4.390107841466314026e-04
