9.658754017552087902e-04
5.109195067109147418e-04
4.182521786528085091e-04
2.641426765776327111e-04
4.316323678090014534e-04
9.591367809025430147e-04
2.643287542921620228e-04
4.177774906676875056e-04
2.929886922643056609e-04
3.635483091089182538e-04
4.680423577892833375e-04
1.706890540651426267e-04
3.637858318949025067e-04
2.924806567523665930e-04
1.700586619887695236e-04
4.662887182047062971e-04
1.704615556081846568e-04
4.730071340077017517e-04
3.644119389607720677e-04
4.029600464869940546e-04
4.723309068325553628e-04
1.711414430987848298e-04
4.010668247795470668e-04
3.638627547005518969e-04
2.646147261160244424e-04
4.988015231856788049e-04
5.069726315621420586e-04
9.610824838577996772e-04
4.979209696720584720e-04
2.637767542584006542e-04
9.618645657372603070e-04
4.358445330554413231e-04
