9.765537532952738280e-04
5.122895547593295934e-04
4.214012647496894154e-04
2.670073422543201946e-04
4.297954864020077153e-04
9.727820314326437578e-04
2.667944412935404404e-04
4.207794206394655651e-04
2.993704522970692928e-04
3.774718240903422901e-04
4.681356972392958162e-04
1.722485006089278820e-04
3.772702853029507230e-04
2.993265526286882942e-04
1.713727726111603095e-04
4.673551472999087886e-04
1.715649280316082926e-04
4.673250709032820949e-04
3.769830891834876946e-04
4.034550489863151590e-04
4.665107491038893292e-04
1.709888174034522265e-04
4.026072491662101554e-04
3.771066258196342780e-04
2.662537633824645956e-04
5.057376030984874100e-04
5.049554268244006586e-04
9.748300788762922055e-04
5.048879259444611668e-04
2.656073795849507721e-04
9.739581382950416796e-04
4.378247808140498789e-04
