9.681651465866720520e-04
5.160644863327917440e-04
4.226700450713714841e-04
2.645754406472211519e-04
4.286491455355027794e-04
9.554039811098714733e-04
2.644476361669863425e-04
4.222264912712947417e-04
2.984989601294410272e-04
3.802070754074541258e-04
4.699040157020395957e-04
1.705352089588116587e-04
3.799255160816360092e-04
2.986822180352787263e-04
1.687036187131449273e-04
4.676584967909474372e-04
1.711794143510327146e-04
4.719654118195330361e-04
3.796966024816847180e-04
3.958855093645174787e-04
4.714145480437159554e-04
1.712120733684661825e-04
3.951440355503428852e-04
3.793768655740360112e-04
2.633923175850699382e-04
4.925205339749973371e-04
5.055340755875250376e-04
9.636577467624098635e-04
4.922672636393266325e-04
2.636726161940631196e-04
9.583390344341672154e-04
4.397483506281849659e-04
