9.706811367269196477e-04
5.148299833946712095e-04
4.140576732077455818e-04
2.814311591639890187e-04
4.219277071688998823e-04
9.739609453477132564e-04
2.806550154341880417e-04
4.138870531964076093e-04
3.255499723504157433e-04
3.542214674692055389e-04
4.615470784655755399e-04
1.587016458217282056e-04
3.543195093513538127e-04
3.245602335382544320e-04
1.596590870171897428e-04
4.602527799327537673e-04
1.599206228310872963e-04
4.628578926748053895e-04
3.536684584294444867e-04
4.109278198368736864e-04
4.615199453723071543e-04
1.595944335502990860e-04
4.106302012773026494e-04
3.541711964666362754e-04
2.802799627968603898e-04
4.727322571552737595e-04
5.005901554343890770e-04
9.722867518994508448e-04
4.721390080453571870e-04
2.801724468159832743e-04
9.769595383821503935e-04
4.392557437281951267e-04
