9.802006593186982433e-04
5.220007194417249476e-04
4.027675264120511578e-04
2.890973766813189358e-04
4.233709628789739891e-04
9.875966634637725096e-04
2.889732128311972049e-04
4.038624747514876919e-04
3.425233476749736227e-04
3.436754851069555739e-04
4.620692845203949934e-04
1.549559687194232503e-04
3.438525177118982134e-04
3.415307384722185880e-04
1.581269314786518847e-04
4.607945573280479629e-04
1.570302372417340493e-04
4.616806718647163254e-04
3.424664386003004849e-04
4.123826450215999713e-04
4.605708876370017595e-04
1.574764191931841062e-04
4.117248889093514308e-04
3.418399603587379322e-04
2.879279354505796785e-04
4.682528662655730022e-04
5.053943938038738893e-04
9.823328152439654744e-04
4.679627119136754612e-04
2.880859714772902045e-04
9.784623442137181139e-04
4.425091555208224042e-04
