9.704619984966367631e-04
5.167236917296958408e-04
4.307925720028533316e-04
2.620957675498880720e-04
4.310231212852879074e-04
9.740813657501501237e-04
2.620300956892638688e-04
4.302479560723982549e-04
3.017154359519846701e-04
3.779813395500829275e-04
4.642416400483431044e-04
1.669872546821810305e-04
3.777431297335443741e-04
3.012582095893692920e-04
1.679146107296358823e-04
4.651556609419836802e-04
1.678561743658323741e-04
4.753645149389421109e-04
3.774547825801597410e-04
3.989683551345131387e-04
4.746334865717430416e-04
1.674017333486289936e-04
3.978926081943144686e-04
3.767545395706661739e-04
2.616903555396045628e-04
5.023048866843583902e-04
5.073370380101747176e-04
9.734634694535433544e-04
5.024437451116979146e-04
2.611517522158405538e-04
9.789119799934104839e-04
4.425589145834116765e-04
