-1.057104609025626488e-03
2.826408908405501626e-04
-3.705890425548600251e-04
-2.647945948531337640e-04
-2.209982618375135586e-04
1.122347234022628851e-03
-2.656651123841211048e-04
-4.605557558187599256e-04
-2.815448650341716803e-04
-5.295849645021572221e-04
9.194420491402667496e-04
9.772999300701927863e-03
-5.891084849372182821e-04
-3.264763864324434135e-04
9.762042124874555429e-03
-9.054901763214548384e-04
-9.411482798328410851e-03
7.172210607572206077e-05
-7.051253767052649861e-04
4.337151160384051119e-05
-9.752878664402278076e-05
-1.003745903401744022e-02
5.434043694820274965e-05
-6.885735575152621959e-04
-1.701105607115253697e-04
-2.525226319596495742e-04
-1.221763386657824470e-04
2.576947939804321718e-04
-2.794903962838722221e-04
-1.930278625577663354e-04
-2.750426210010704182e-04
7.567487185012298796e-05
