9.715919580119504462e-02
5.185254652227713063e-02
4.311430853313279188e-02
2.630876650394367230e-02
4.310745537534094174e-02
9.751400682152393251e-02
2.631509987616004187e-02
4.304504624668775009e-02
3.017774107293853467e-02
3.735788647282843600e-02
4.629710276320667811e-02
1.679628377349164439e-02
3.740068871945580187e-02
3.012398624054482554e-02
1.690493568049178386e-02
4.628848640400031605e-02
1.682104282634797054e-02
4.662203529501107030e-02
3.732758134985939696e-02
3.899614891260537453e-02
4.653638311000003747e-02
1.712985764704821195e-02
3.897984659250127576e-02
3.731350857314159886e-02
2.635298319028138783e-02
4.964466808721820779e-02
5.060187064924787093e-02
9.677860006614034949e-02
4.962512624133137012e-02
2.630067329392405881e-02
9.771454230705738098e-02
4.451857600704111489e-02
