9.614080927029788892e-02
5.051097646950792469e-02
4.121327438904698326e-02
2.654082418182610731e-02
4.293742611801998343e-02
9.607807380721590518e-02
2.649086557158011196e-02
4.112651894658309742e-02
2.949034183892120659e-02
3.654717341956825044e-02
4.735625003011303957e-02
1.703625148706058162e-02
3.665547254859721077e-02
2.937014470905995392e-02
1.693982473432910363e-02
4.717195776266086549e-02
1.686246300742723706e-02
4.728106705817074901e-02
3.666835618677779379e-02
3.999112117374831882e-02
4.692452737631728349e-02
1.691212109071957986e-02
4.000094525278749535e-02
3.652511919300758386e-02
2.645578715887208707e-02
5.010417713081141006e-02
5.012023356101527605e-02
9.606153003512425681e-02
5.008497704687815688e-02
2.647091593206401736e-02
9.636774822751684177e-02
4.335674088220762418e-02
