9.609278546107311242e-04
5.028000792224318616e-04
4.154534994739289403e-04
2.656634645330936532e-04
4.267461073195260245e-04
9.710950536785961261e-04
2.650534549053768884e-04
4.158628902825854158e-04
2.930849734498681730e-04
3.708807133602595621e-04
4.715180884666819857e-04
1.703171414052730864e-04
3.707733259171702277e-04
2.922407585468228281e-04
1.707461179804982496e-04
4.707165080497745431e-04
1.715854659837415881e-04
4.654475668456360942e-04
3.712335954065015017e-04
3.981344408662039697e-04
4.648962137623203605e-04
1.716015642498355343e-04
3.975663647252128895e-04
3.700876844167597123e-04
2.648122075676090544e-04
4.940208154710860194e-04
4.964267365988631834e-04
9.614466172408493846e-04
4.939416853215674186e-04
2.649266259121901509e-04
9.692841983699970222e-04
4.329098992506890341e-04
