1.734452109573427305e-04
6.952821163411453511e-04
3.664900569230017494e-05
2.379134900203613617e-04
3.836545138690210482e-04
-9.418597573991352402e-04
2.844990621779673796e-04
1.962023056979205800e-05
1.933105970930208640e-04
2.372428746553926040e-04
1.557972155947340677e-04
9.860488478730946096e-03
2.080226853653517735e-04
2.340633180105490855e-04
9.710066537199971842e-03
-1.898399213543786382e-04
-9.433736049283459116e-03
1.174455644300249197e-04
1.687261614344537331e-04
4.284525359733863838e-05
-1.455105800826785685e-04
-1.032484288818462381e-02
-8.821716218659290559e-07
1.505932666785623434e-04
2.735670011078321470e-04
-9.121279602810010824e-04
2.628774574557140534e-04
-5.533748774113429400e-05
-8.867175580304529833e-04
2.630123841314603865e-04
8.634250608153488720e-04
7.537916222015123924e-04
