9.734743877450235863e-04
5.134641513894619902e-04
4.247449425045421423e-04
2.682324809857025228e-04
4.260714897600517757e-04
9.716523314290992667e-04
2.681738336599069714e-04
4.251632277457208231e-04
3.110463740397355890e-04
3.637125611257728303e-04
4.664557393060693316e-04
1.634944686129483082e-04
3.629402475856901406e-04
3.099570168662489850e-04
1.649320984702975482e-04
4.657189756036556982e-04
1.648952041107096158e-04
4.650624789496004391e-04
3.634673865603776964e-04
3.940327226367540902e-04
4.628989731838192823e-04
1.657939316840292864e-04
3.936008871492688408e-04
3.628779050014738282e-04
2.683655057293750541e-04
4.909591563520975151e-04
4.992207867780593502e-04
9.679871955724059403e-04
4.904207103280327053e-04
2.683585899125633047e-04
9.792236596606509590e-04
4.417442608212116787e-04
