-2.762966570290167358e-04
-1.731065199657368548e-04
3.058954576049169424e-04
-3.022510378259850913e-04
-5.080775851352749848e-04
-4.781481692865518075e-04
-3.278359769047514368e-04
2.865405421135218292e-04
-1.540674848110185882e-04
-1.142604101164781602e-03
-3.460315581961673020e-04
9.643994275740679772e-03
-1.064728369786783905e-03
-1.330058143879929466e-04
9.786019165638626047e-03
3.353609488025241655e-04
-9.546591743867179763e-03
5.067253002891569007e-04
-1.065195062391528476e-03
-9.457836873298255769e-05
-3.693269111898169117e-04
-1.019998153086876073e-02
-1.327352927479937700e-04
-1.075166457898063879e-03
-3.663951933974809636e-04
-1.412615032405704733e-04
-6.900401558507595441e-04
-3.878849445200963737e-04
-1.190549319461119181e-04
-3.052086884296684242e-04
1.078210270221375893e-03
-5.806574051561238543e-05
