9.592462165323541179e-02
5.057644349633060032e-02
4.207304162385284291e-02
2.653015320897069221e-02
4.264029630072536242e-02
9.722845643701358287e-02
2.643348168352512365e-02
4.208333262580675471e-02
2.947478338705904199e-02
3.789287132233944838e-02
4.710770216674758926e-02
1.701793012375671030e-02
3.775882277920808439e-02
2.941599155809096824e-02
1.716171909322510708e-02
4.709538860174863201e-02
1.721941522917240508e-02
4.666155241716688634e-02
3.779970966886508910e-02
3.972875327174483356e-02
4.660959110961552382e-02
1.722193924293251299e-02
3.965830760583478887e-02
3.778321221592904899e-02
2.640586958579698926e-02
4.969228442817136965e-02
4.992458643851278854e-02
9.705041452747059649e-02
4.964561606119367171e-02
2.636043010811518761e-02
9.608866413221378577e-02
4.345685914645412012e-02
