5.983636615483197904e-04
4.938122596037414387e-04
-1.068072682517628774e-03
1.056295438644281579e-04
-1.167359955643515251e-04
1.888897354971045238e-03
5.009496776695577754e-05
-9.770022197880532441e-04
8.098694406523538605e-04
2.243473298412667792e-04
2.186675468490629979e-06
9.670904261803094093e-03
2.266223965933842450e-04
8.082408078423024929e-04
1.010189398383319441e-02
5.397529918023094071e-05
-9.721072168795884261e-03
-4.217957003318708199e-04
2.008964721100114806e-04
6.885552274486919167e-04
4.850201779385842921e-04
-1.009426738121721109e-02
6.961157066146705019e-04
2.172746667411541157e-04
8.236311321245824496e-05
-1.431156150825517491e-03
1.537280126076934089e-05
-2.593952422252784017e-04
-1.372104046146974555e-03
7.060983200617538212e-05
-2.180486420573127682e-03
3.532542416080628237e-04
