-9.454494656856143181e-04
-5.930334653093490742e-04
9.800531946692039777e-04
5.788859081413788403e-04
-9.299753205454504117e-04
-1.915350893598953856e-03
5.144977803220939861e-04
9.810511361236493900e-04
-7.417751546977989149e-04
8.572276794262074714e-04
-1.026549722805335631e-03
9.646234568127333431e-03
8.460584470776291591e-04
-7.489665634783350618e-04
9.821358531505314238e-03
1.077387306696802249e-03
-9.444994770951351329e-03
-6.328618476168109113e-04
7.749412703427334620e-04
-5.851599162542783132e-04
5.951587141104939735e-04
-1.019636087550264587e-02
-6.039212518691069445e-04
7.823038259765735221e-04
5.169064115832175139e-04
6.597880918287698680e-04
-1.043704867956287688e-03
1.704758619699858280e-03
6.415487008093440731e-04
5.510897981060611066e-04
1.144389306724896563e-03
-4.120056483032887213e-04
