6.546904331831723649e-04
3.947406556284903324e-04
2.698756821537665659e-04
2.173210895057974153e-04
2.867189139039825357e-04
6.870045437953714281e-04
2.115671416629090939e-04
2.667508997624581761e-04
2.144519368049502338e-04
2.720408555824315941e-04
3.230512402298677714e-04
1.362165597218247546e-04
2.758364266407691066e-04
2.161586012384217467e-04
1.210625041506632879e-04
3.252273963821779301e-04
1.074692581652246146e-04
3.187132151381610662e-04
2.739202550057830165e-04
2.682294010795755672e-04
3.343308107325198338e-04
1.522143013561170252e-04
2.827461401727105221e-04
2.651435043076932267e-04
2.120911453135502275e-04
3.396731944561272786e-04
3.871952062658433899e-04
7.348998449594102865e-04
3.404028458574245874e-04
2.100471967824327863e-04
5.754625243771872888e-04
3.001633184909835786e-04
