4.513308512771179739e-04
1.411815291067267369e-03
-2.322001694914286837e-04
2.634910121160623600e-04
8.194561353949481649e-04
-6.950414185448821041e-04
1.806500646646228047e-04
-2.117820211029068970e-04
2.343169499998057749e-04
5.520262457766759783e-04
-4.532449139828658444e-04
9.444190146251993032e-03
5.659548204606635160e-04
2.057364985586936611e-04
1.012213405682495411e-02
5.318132848759678797e-04
-9.742584051913701082e-03
-3.425066214767873672e-04
5.281335740237792136e-04
3.208256265090092822e-04
3.619844749778502188e-04
-9.845078013155060537e-03
2.977404901335381450e-04
5.872316190369180960e-04
2.454440860082915702e-04
-1.359175940529478040e-04
8.800435630859372018e-04
7.969339617604763752e-04
-1.724939514260855837e-04
2.078931766415127605e-04
-5.425865459698628107e-04
1.419704620530872494e-03
