9.799919490926659038e-02
5.244970192089705441e-02
4.016029571192993725e-02
2.890409557578885527e-02
4.242902107456210381e-02
9.772876414795300670e-02
2.888159531292710733e-02
4.010538609822840439e-02
3.397575902661081892e-02
3.430173301990448870e-02
4.612201712279907079e-02
1.559543788298746285e-02
3.423384789172979198e-02
3.391143348444428801e-02
1.566118972152142838e-02
4.617087328170837307e-02
1.565562732653980049e-02
4.641094288488320507e-02
3.419615830042328081e-02
4.169250829931696323e-02
4.636724355774506784e-02
1.557785598123070589e-02
4.161652172845968500e-02
3.413332712950651465e-02
2.888815751990637254e-02
4.603009098555956025e-02
5.110977387794095328e-02
9.784913395295108396e-02
4.594141607588394377e-02
2.880464490094663405e-02
9.849569993583193184e-02
4.402819893187570610e-02
