5.659356313116181572e-04
-5.462787580689896106e-04
-5.138101690783419900e-06
2.467121286541030557e-04
-8.070530728116091313e-04
8.815046272088737818e-04
2.314060814753803432e-04
2.458266015878787767e-05
1.396098351004254547e-04
1.398381572791334139e-04
-2.191222164433994247e-04
1.003618459612383440e-02
2.087896331611346023e-04
1.819596943460335069e-04
9.426705272493729471e-03
2.537103010484082432e-04
-9.051154361113891017e-03
6.000074113781154409e-05
1.670855832871909847e-04
4.851738192339068932e-05
-5.645190346065808459e-05
-1.037113925037007160e-02
5.812733029361450847e-05
1.229213531030093538e-04
3.580634739753940253e-04
1.143731878677035419e-04
-1.225402248647023762e-03
-8.025432751482444293e-04
7.015738697782230367e-05
2.806538486821633484e-04
-5.885253992110090924e-04
-2.381419712030550802e-04
