9.692135582747413158e-02
5.106482856480679816e-02
4.261643059852527476e-02
2.599264034113997826e-02
4.249781589548577709e-02
9.657693596235703004e-02
2.595287857467473008e-02
4.258735007765773739e-02
3.009410996171030250e-02
3.760241284541927798e-02
4.649881976377814863e-02
1.684833400995590716e-02
3.755554276294101324e-02
3.000517381572522305e-02
1.671683624126900705e-02
4.647889508691941535e-02
1.682733777386248228e-02
4.673756047016485587e-02
3.762720873630537310e-02
3.909639719483797016e-02
4.664583941562768649e-02
1.686575772847801608e-02
3.904411077223451237e-02
3.754203431020440573e-02
2.593250468702819334e-02
4.935651813389312081e-02
4.978554629064965709e-02
9.658662912999994854e-02
4.936062070969118171e-02
2.588929253311280515e-02
9.699850910099333534e-02
4.396931643375730225e-02
