9.695988307039345167e-02
5.113946374559475566e-02
4.282249514803429524e-02
2.710609193479256510e-02
4.242208758219037645e-02
9.714671017862358537e-02
2.696571012953249621e-02
4.277143889476182209e-02
3.136432670155945429e-02
3.668103103748161786e-02
4.639930972589879909e-02
1.626665564059803087e-02
3.673221634701193811e-02
3.135330222269502864e-02
1.649966086178718955e-02
4.632128512116195918e-02
1.640042140487080191e-02
4.573576859061509459e-02
3.675771959415920220e-02
3.943554470827834862e-02
4.570228296751414898e-02
1.636064716480179967e-02
3.939642515741425405e-02
3.679206523326855605e-02
2.709691824433829027e-02
4.855514220412577436e-02
4.980719699772603176e-02
9.649831147044470037e-02
4.847738684301933915e-02
2.707184272435249339e-02
9.749098888687399156e-02
4.387050188273624446e-02
