-9.915046290744339958e-05
-2.053564782250239971e-04
1.804344547728772144e-05
4.947064795256642155e-04
-6.618503370306534541e-04
1.034472415517284031e-03
4.199534607866558839e-04
1.949462668380278903e-05
9.868098591140012435e-05
8.025821319897503275e-04
3.272588402649607227e-04
9.748443035959604083e-03
9.007140805709052496e-04
9.274660984595671596e-05
9.852093050215856782e-03
-3.456991524315607394e-04
-9.473551624018234849e-03
-1.972418574137837621e-04
8.702566529097563409e-04
1.451460082584475782e-04
1.801187848480302611e-04
-1.029600123725885573e-02
1.174423794614744949e-04
7.972857317438982296e-04
4.996959777404747166e-04
-2.614905571945005188e-04
-5.780468250517540501e-04
-2.143846493280795177e-05
-2.826610721057817638e-04
5.376549171771564202e-04
-9.029735379422980769e-04
-2.407191755638964255e-04
