9.653833409739467908e-02
5.166731691569763363e-02
4.317576098245261979e-02
2.647407241163422797e-02
4.300538662522511435e-02
9.672331172826988122e-02
2.635259071473609188e-02
4.321674519650491736e-02
2.999013469931896894e-02
3.767332102702760505e-02
4.687010334148324076e-02
1.689101409991661945e-02
3.766525909366346542e-02
2.994756317314703487e-02
1.690244619403375240e-02
4.680176997843846221e-02
1.685968220656043626e-02
4.676801727219865451e-02
3.772727384050102162e-02
3.880398029689943046e-02
4.684650827910399190e-02
1.706321060822721392e-02
3.884701300286521469e-02
3.762828753724561243e-02
2.635995796105272682e-02
4.929917564091582105e-02
5.047686046490868633e-02
9.734289245669290602e-02
4.924723388804904539e-02
2.628621723508279759e-02
9.575747754706222248e-02
4.433786398927472283e-02
