9.638044181861718518e-04
5.128177948217366861e-04
4.214077011993934158e-04
2.658415166254928788e-04
4.300454161101149994e-04
9.637183942627531056e-04
2.655309471190838311e-04
4.198195669553683273e-04
3.007961834650394774e-04
3.818290183161278362e-04
4.765057250063830597e-04
1.711448362454917713e-04
3.818650472144709978e-04
3.002041369231162786e-04
1.706802116055112020e-04
4.758368101023468470e-04
1.734543251574027897e-04
4.732599847247734195e-04
3.811998143590493589e-04
3.980569262854952856e-04
4.729025505686677844e-04
1.717518924193121030e-04
3.969532716053008237e-04
3.817396009840114970e-04
2.647632327047392663e-04
5.023312793187172023e-04
5.054358782252407279e-04
9.677740231320416595e-04
5.020266431060722281e-04
2.636848664622099014e-04
9.634717389239838819e-04
4.376606691688400032e-04
