9.656833615062360154e-02
5.082892937784279364e-02
4.281673645066513129e-02
2.645079578467938661e-02
4.270428014868394434e-02
9.679424381275514300e-02
2.650343599216503643e-02
4.273702463791877876e-02
2.991243855771584179e-02
3.774429688760907314e-02
4.653075389424877334e-02
1.685321640733303608e-02
3.778159571808711870e-02
2.985862017311783148e-02
1.695786297081125840e-02
4.640600830521608017e-02
1.696187484217637556e-02
4.635791351805941540e-02
3.767250340521124258e-02
3.905795558400617512e-02
4.614808086032679002e-02
1.695858082015643670e-02
3.894383061710508104e-02
3.767450158504988267e-02
2.634895397659092059e-02
4.981591990160170319e-02
4.968012512964645883e-02
9.716462917715179559e-02
4.971559780734725181e-02
2.630324135195622262e-02
9.659689134200874494e-02
4.405720267809881685e-02
