9.783520141959894945e-02
5.183950310898827879e-02
4.085418206539939007e-02
2.842487282323315212e-02
4.247916819736220762e-02
9.759269672740029933e-02
2.838826117290752307e-02
4.081753221880246585e-02
3.345193663553031743e-02
3.479296392598674875e-02
4.522960841146363847e-02
1.549359035868899670e-02
3.473060315645050411e-02
3.342664775800031907e-02
1.569076294204668071e-02
4.522338649521495668e-02
1.569311735965808058e-02
4.551168114858444164e-02
3.468694919108319258e-02
4.082588883277332714e-02
4.531770457099214278e-02
1.563905452742567551e-02
4.082742208200772216e-02
3.473084235957392407e-02
2.830770616071485654e-02
4.701669793000002456e-02
5.051723560987612244e-02
9.754517998144521251e-02
4.698315512345625777e-02
2.835232155796667958e-02
9.850003421705313955e-02
4.414412168109150408e-02
