-1.518974475771609801e-03
3.417121981673500804e-04
-1.452757619406712766e-04
1.095043884734525576e-04
-1.427645326745963846e-04
-6.618268078483848828e-04
8.336157902513437537e-05
-1.655464244600728064e-04
1.476236699946044666e-04
-9.147818926548207839e-05
-3.915489637920775310e-04
9.588377123525677892e-03
-6.290203716637932389e-05
6.629045852256453908e-05
1.039993441995297474e-02
4.688879347480042858e-04
-9.778131264173515330e-03
-3.851197026524153747e-04
-1.317481644743287417e-04
-7.750041853623760918e-05
3.863257076635403684e-04
-9.824563255966920969e-03
-2.269630196833825690e-06
-1.565413304362373774e-04
1.524917057430423897e-04
-2.323434791736791777e-04
-6.042928380004956900e-05
1.858326569680980762e-03
-2.294095284643972411e-04
1.334270990587367806e-04
3.472976621106118266e-04
3.301195648813672967e-04
