2.166954859974663545e-03
-4.650548953710317759e-04
1.790546319951269035e-05
-2.681427873222130354e-04
-7.349236398991153144e-04
7.967491405610615130e-04
-2.687381508031102617e-04
7.153928298462423928e-05
-2.087314871101501735e-05
8.066199869498552800e-06
-6.792470901814885893e-04
9.533624279533027893e-03
-7.919151393530249924e-05
9.899486357659465505e-05
1.014630624421388426e-02
8.006821786637859572e-04
-9.657429293889317756e-03
1.070699121504697541e-04
-6.994764267954034986e-05
8.991268250562471827e-05
-6.564891421706727588e-05
-9.956845467081342979e-03
-4.680763813978701908e-05
-1.059306411420688762e-04
-2.180918598504009054e-04
-1.290837150119553142e-05
-8.087152397623034337e-04
-1.411486282887853324e-03
4.652414173887333440e-05
-2.683685458352830623e-04
-1.540273288893301198e-03
-3.723774658844178657e-04
