-6.942034408974254557e-04
6.910260493572813580e-04
-7.012760335530168906e-05
-5.133726761113076775e-04
2.550134240715688826e-04
-1.166803039881115014e-03
-4.814163496663883190e-04
-8.889515404847632212e-05
5.350950493813796537e-05
8.192749169864920725e-05
-3.263743485657248297e-04
9.548585592066394234e-03
1.068996997380200302e-04
1.007037147128610525e-04
9.932821202814362191e-03
4.152460599213741521e-04
-9.495869153250466668e-03
-6.677765822473348978e-04
7.616555939559766040e-05
4.164989701233574697e-04
7.535803440894100732e-04
-1.005861767263683745e-02
4.035827845397626764e-04
2.325632203773343715e-05
-5.352448039458181615e-04
2.093182453039481110e-04
3.608104420912152895e-04
1.577539590181671310e-03
2.488692044378701482e-04
-4.643219480484357242e-04
3.529101515176621398e-04
6.940815597890504385e-04
