9.899341514175537260e-02
5.153519041196949479e-02
4.108792868734514186e-02
2.651002765530973901e-02
4.339623554457922028e-02
9.678378000388837554e-02
2.650452099151718102e-02
4.109712115181052977e-02
2.892293143577821801e-02
3.637604493901682584e-02
4.769762036294361573e-02
1.731964132605321588e-02
3.628819851806543845e-02
2.891246405904999289e-02
1.719781507981652663e-02
4.763978786721397712e-02
1.741860431593609398e-02
4.763501304646115125e-02
3.635991996112138830e-02
4.032469133323666327e-02
4.754213507207552536e-02
1.741065926388067620e-02
4.023520402622505349e-02
3.629975803131249568e-02
2.642327795169600174e-02
4.931438167439469028e-02
5.108623586901939878e-02
9.763714165844192272e-02
4.927358511753502507e-02
2.636251254599695712e-02
9.765650533962180746e-02
4.382741847895876841e-02
