9.713533036668286569e-04
5.108466737541038534e-04
4.335113424116622603e-04
2.594420646103964335e-04
4.245489962554169368e-04
9.725328384114999671e-04
2.590904279126617538e-04
4.327389240961569661e-04
3.009634146946973759e-04
3.757390183589361045e-04
4.682670588887919761e-04
1.700231368407240226e-04
3.755743710471452041e-04
2.999316011486770329e-04
1.673402647490672402e-04
4.667181895338392249e-04
1.688755364855978609e-04
4.639489053985438411e-04
3.741020871195294356e-04
3.940114230426291857e-04
4.633403980212133380e-04
1.681883997213136351e-04
3.943174123928179053e-04
3.737017235844958068e-04
2.573777197999532426e-04
4.984426689364427872e-04
4.977991249066947375e-04
9.705222396347364545e-04
4.986079821871554785e-04
2.573331627872732421e-04
9.691004773925819289e-04
4.397669104948341676e-04
