9.641133677674626999e-04
5.087299243911832559e-04
4.164970143935564900e-04
2.696059987009379933e-04
4.284387628921280033e-04
9.595125243960390005e-04
2.695082836217093519e-04
4.154216195656330836e-04
2.946791068948492569e-04
3.700455470408530443e-04
4.702594324578147282e-04
1.724777263893413181e-04
3.700136791490990290e-04
2.941009336948686471e-04
1.723033191228933467e-04
4.693836270968057729e-04
1.742360510244924147e-04
4.712984162710969513e-04
3.694799382626304360e-04
4.018882874496535829e-04
4.700689292618595453e-04
1.736221245700343945e-04
4.011676052185413695e-04
3.698073242388604160e-04
2.688795594057914631e-04
4.997287855311545110e-04
5.029272822286652610e-04
9.583675469109834144e-04
4.995474992717356417e-04
2.684275489697846256e-04
9.596744475583971227e-04
4.347155649343125610e-04
