9.691749387836820322e-04
5.098824565351422859e-04
4.369572396323358090e-04
2.604664615558959840e-04
4.280832104916634340e-04
9.669998648018424039e-04
2.605031142764884823e-04
4.361203434534878368e-04
3.051740113244727341e-04
3.795670238064236630e-04
4.704937407835880592e-04
1.678697969927156540e-04
3.795029476450834842e-04
3.046104475549125902e-04
1.671729512193838231e-04
4.692767543026940612e-04
1.686090982867773558e-04
4.690819019227769051e-04
3.794503425401432573e-04
3.911645191757250864e-04
4.661714710640716807e-04
1.687957530944410962e-04
3.907721247240150838e-04
3.789847840520218364e-04
2.595657692881354851e-04
4.988880648640080023e-04
4.976430625877315255e-04
9.658531228915391998e-04
4.983965242617967523e-04
2.593109889532656427e-04
9.639082887281847810e-04
4.402417554220430774e-04
