1.075333203125492703e-03
-6.305006700930571170e-05
-3.224030680584039337e-05
3.980611737149018477e-04
-6.215634157871114448e-04
7.339088558151495630e-04
3.891572797737083791e-04
-1.249157527150886494e-05
-4.552787109282885564e-04
1.040064871782915031e-04
-6.553431662487592966e-04
9.387808191112123612e-03
1.100261381784806814e-04
-4.896565117025951071e-04
9.997688225053827371e-03
5.978068620769077862e-04
-9.605033454802089019e-03
8.013886787300556576e-04
1.881118413187274688e-05
-2.870755908745730367e-04
-8.722781683193341507e-04
-9.791260720818973501e-03
-1.919585712234890768e-04
1.445655777024078322e-05
4.560208268136702243e-04
3.215173493313801256e-05
-6.133692570792752957e-04
-1.847221805737282469e-03
5.248444601241930650e-05
4.120680056206468779e-04
3.131765075670280241e-05
-3.502060336696764228e-05
