9.830045145598600986e-02
5.097384795597173501e-02
4.213508831441200447e-02
2.667336401488442504e-02
4.307070210536253357e-02
9.715689115654871366e-02
2.665177406690919307e-02
4.216153608342387143e-02
2.946133446387289717e-02
3.729085651871878043e-02
4.673284377737073336e-02
1.714895903157909185e-02
3.731195089052245784e-02
2.932546191274774949e-02
1.713529782866439824e-02
4.677841487619108923e-02
1.740604646364395797e-02
4.692922482371712778e-02
3.736059270498347934e-02
4.037410108009418380e-02
4.695568144286105250e-02
1.711279183671710405e-02
4.027298830041373817e-02
3.732834581634535825e-02
2.650129684087645238e-02
5.004350489561099763e-02
5.034875406402238712e-02
9.719361942804144450e-02
4.994272616263862458e-02
2.653863103198718029e-02
9.765573453876935650e-02
4.356049843638039321e-02
