9.715152077483017734e-02
5.239868607446324100e-02
4.032548107921962027e-02
2.865186633552503637e-02
4.263811486166464715e-02
9.729515139395356060e-02
2.858730769596044136e-02
4.034232946483318899e-02
3.361405535972401826e-02
3.471239000728560536e-02
4.565582208367505862e-02
1.560545293683332849e-02
3.471854143828949357e-02
3.357907299627175407e-02
1.567582219248758041e-02
4.560169859804181353e-02
1.566029250041809859e-02
4.581405068335330649e-02
3.468258691244134606e-02
4.109542246502397717e-02
4.581112495037064497e-02
1.571143628478938875e-02
4.109570686311864868e-02
3.462936837131361939e-02
2.854176912914150807e-02
4.676112384431380803e-02
5.086533854315849340e-02
9.777177516478070818e-02
4.670650752881578410e-02
2.847697906358440806e-02
9.692185885309453908e-02
4.446307384546063779e-02
