9.688889542240647790e-04
5.146529779555371808e-04
4.253731228603825068e-04
2.652078822725096588e-04
4.338784498269552614e-04
9.788294763992586543e-04
2.647672365771005284e-04
4.252915326864897035e-04
2.991477002390941810e-04
3.817087327448467036e-04
4.698041093938060695e-04
1.703631591868538385e-04
3.814801349726912403e-04
2.984583434254553720e-04
1.673685895087536214e-04
4.678266811148215697e-04
1.680765569965337160e-04
4.675038693018118219e-04
3.826799611732409605e-04
3.892072683681038108e-04
4.663631824393360114e-04
1.711292540700824446e-04
3.879853450507974298e-04
3.811315917079933602e-04
2.643293418849149601e-04
4.940144978381179287e-04
5.046680473415831279e-04
9.785869729905640260e-04
4.939691605009020924e-04
2.644266716529125464e-04
9.637547953633403362e-04
4.453713015894756309e-04
