9.908790682175276122e-04
5.207174690559140864e-04
4.058173873493316403e-04
2.900656756606021154e-04
4.260745195959339602e-04
9.740821300924000980e-04
2.900875924833831178e-04
4.053795781424378774e-04
3.411797769411971902e-04
3.450302099785258541e-04
4.495375721013847282e-04
1.552773133484104489e-04
3.456097678451162426e-04
3.405424358443713290e-04
1.567951113854248015e-04
4.496536783177983057e-04
1.572073892201535040e-04
4.593374448705172522e-04
3.459268872580511904e-04
4.147600092407088043e-04
4.577048181086694261e-04
1.569995774778213456e-04
4.149768789858284106e-04
3.456426000788562973e-04
2.893234193502595085e-04
4.626649737406906193e-04
5.076536709002355940e-04
9.740831024871259274e-04
4.621619652286835969e-04
2.895415553473910508e-04
9.893874659643888108e-04
4.414021067186331437e-04
