1.020065826927569509e-03
-2.251918815346584408e-04
-3.077107514022426119e-04
-6.842906891600028779e-04
-5.129524783817576055e-04
-9.579605907916478045e-05
-7.329690345185119454e-04
-2.975306220864674142e-04
-1.866065451054923152e-04
-7.494542585503047392e-04
-3.862781753330670116e-04
9.964238031733000170e-03
-7.304135595040866851e-04
-1.491115903225752489e-04
9.902787118827457991e-03
2.933147620543106364e-04
-9.481233484592047414e-03
-8.866413618032060442e-05
-7.159311702139130058e-04
4.500671768393986060e-04
-5.865274079212239435e-05
-1.036350634851264038e-02
4.597699846559119368e-04
-7.491821795314674215e-04
-6.675109708057293820e-04
3.113264567083743055e-04
-6.357693919701413532e-04
-1.382347631493544384e-04
3.860268447207310062e-04
-6.973727188806008032e-04
-7.004842765660686818e-04
-1.196662742255899514e-04
