-1.511708494300497297e-03
1.052481007517347200e-04
1.143985967874957079e-04
2.371062674807084296e-04
-3.253593056055228212e-04
-5.090534781477537921e-04
1.894470116979931099e-04
8.310379359290792113e-05
-5.188127585946071671e-04
3.425743649497456659e-04
1.020309821343790430e-04
9.779304295783263282e-03
2.986653354847471748e-04
-5.179992204977837671e-04
9.896799323639479326e-03
5.190836822729368678e-05
-9.463375472654559153e-03
6.387036754667732401e-04
2.929458388818562001e-04
-4.324582169953752669e-04
-5.224715462447108603e-04
-1.011147056213887105e-02
-3.785487602045377559e-04
2.752229633780410123e-04
1.941325041028121368e-04
-5.775341444141837265e-04
-4.631993698333071213e-04
3.325224131131151941e-04
-5.269236881289009709e-04
2.283260083364866886e-04
1.702834307544583625e-03
1.508822909612233187e-04
