9.810166994368874072e-02
5.127241701343877162e-02
4.272237684402690333e-02
2.627988016784563521e-02
4.300450217523311275e-02
9.702642120910077994e-02
2.617346609378900374e-02
4.269273675747521646e-02
2.993612847032000451e-02
3.765281148846583853e-02
4.698343619412161110e-02
1.694961415693017198e-02
3.757970807374422240e-02
2.987819971578773923e-02
1.703906461102876885e-02
4.695267403553612245e-02
1.714475664540533045e-02
4.665585319951606746e-02
3.758288091708521933e-02
3.884691167947916524e-02
4.653599369220075277e-02
1.708685269018927338e-02
3.877451278301419918e-02
3.754012451447708010e-02
2.612513324427330128e-02
4.973411778254852034e-02
5.023191350703842817e-02
9.763314729280546389e-02
4.971620727608107998e-02
2.609227227901679200e-02
9.799392930222111664e-02
4.416636828348721039e-02
