1.237556076800785032e-03
4.318758228515525826e-05
-4.179876265586234874e-04
-2.099509168619690584e-04
-2.321723034668152338e-04
2.892194538072837538e-04
-1.719110943190860848e-04
-4.216848556542121670e-04
-1.140500017160059933e-04
-3.092705176239219137e-04
-3.096497333819011092e-04
9.639958918009779859e-03
-3.435937484166489688e-04
-1.149114885522677988e-04
1.009577394960536195e-02
2.992235834054679153e-04
-9.647453133752577001e-03
1.100604682465837323e-04
-3.464500030496859293e-04
-3.172447164552792188e-04
-1.419339577107432411e-04
-9.917496434677855813e-03
-3.723322458652190384e-04
-3.326406785777446000e-04
-1.008388829055050260e-04
8.994550433888968185e-05
-5.486874078198240943e-04
-1.099889167785645565e-03
1.633909599686278973e-05
-1.010009217467813071e-04
-4.536325551602923942e-04
1.963061995321309578e-04
