9.838118366290891578e-04
5.241406508425771856e-04
4.045004443220268911e-04
2.926642631326692879e-04
4.262670109675346908e-04
9.747874696866414305e-04
2.920128133699706279e-04
4.039106485411593614e-04
3.409801082119138810e-04
3.517845579804799137e-04
4.584587372029087652e-04
1.549706929342648063e-04
3.512319005553768241e-04
3.400473960242653615e-04
1.554017330490881988e-04
4.574893553816882668e-04
1.548042587739150875e-04
4.607030519077265135e-04
3.518175508649963416e-04
4.163295853184433492e-04
4.596706067697052490e-04
1.558331179904897713e-04
4.162021339111256885e-04
3.512932763617717096e-04
2.919671530302923954e-04
4.682019503073521364e-04
5.109298302106242331e-04
9.809208901501976184e-04
4.678821616000545494e-04
2.916607345449157875e-04
9.774517688897615963e-04
4.428047746783833833e-04
