1.341020587707589034e-03
-2.215743459712357603e-05
8.722661430762282874e-04
4.442353638707396014e-04
-7.811348215050546349e-05
1.733395731672674692e-03
4.572797952990461257e-04
8.503248524046405372e-04
-4.639611259912775087e-04
4.329805461820722444e-04
-2.904309093739225684e-04
9.766069439228962715e-03
5.833368832047402999e-04
-5.322797858083481645e-04
9.708876161114684059e-03
2.870081553642839928e-04
-9.476499999405672142e-03
-4.974375996278128853e-04
5.162180324583411735e-04
-7.571018858625693220e-04
4.922050418757095052e-04
-1.031946688453300696e-02
-7.178001126429998458e-04
4.817540321930818413e-04
5.004921636683757865e-04
8.449318385876560672e-04
-3.244540351991159277e-04
-1.423176695622034322e-03
8.837830908650603405e-04
4.939140649705219379e-04
-1.636242471912017051e-03
2.124834274992277409e-04
