9.716384949731863901e-04
5.123732453394301903e-04
4.118906722890797005e-04
2.669730563761773200e-04
4.289649220924279609e-04
9.695152476970753108e-04
2.665101512132369405e-04
4.112826596479617525e-04
2.924188848925470593e-04
3.677106451052105035e-04
4.702757335836318074e-04
1.704453070875659054e-04
3.666947531598781424e-04
2.923432459517448945e-04
1.701365402161557296e-04
4.688479481010621695e-04
1.713517695597792433e-04
4.676564745689508647e-04
3.670042626497186365e-04
4.000164586231513375e-04
4.679546509838829822e-04
1.712393319073458777e-04
3.994063367284695341e-04
3.663167650326634608e-04
2.651083345226122037e-04
4.967919417330606815e-04
5.065304527400500299e-04
9.762511783140228640e-04
4.967737215703665497e-04
2.653267064486268924e-04
9.732694055143640806e-04
4.350045445344874451e-04
