-9.603531937142170292e-04
1.193100506656669850e-03
-3.851448767786968299e-05
4.133422959493155378e-04
5.692623961749152060e-04
9.334343383442884803e-04
3.996051429788460277e-04
-1.760528736208234296e-05
4.746895384526476848e-04
3.237241012036971215e-04
-5.397184928147432493e-05
9.603263066485703131e-03
2.508151045753947745e-04
4.472012928175071560e-04
1.003721976212660835e-02
5.006859035050598389e-05
-9.693192294667231368e-03
-2.470741494771194974e-04
3.278599545637605073e-04
1.516502581212957946e-04
2.032441001752078311e-04
-1.000929053275837616e-02
2.025110812955156206e-04
2.134983017800128524e-04
4.799849359025185470e-04
-4.724588106633349988e-04
6.278004222415756608e-04
-7.736156325251447412e-05
-4.596429567109049032e-04
4.731702657930215690e-04
1.239250290516859601e-04
1.084858494036074379e-03
