9.735078233647965649e-04
5.219720029299674624e-04
4.155297918268437704e-04
2.785079207527719819e-04
4.280481237702547792e-04
9.768998666173805447e-04
2.783020459767075955e-04
4.140333094687597120e-04
3.277036906987678636e-04
3.544191218614447321e-04
4.670728498958691931e-04
1.601661689885190037e-04
3.562368543241940799e-04
3.275965378465121045e-04
1.585494086849775319e-04
4.666982516353622695e-04
1.602744855633571992e-04
4.599182164113922483e-04
3.551430351400627732e-04
4.001931233768673928e-04
4.602935551573548935e-04
1.597118879004889890e-04
3.997390977817102216e-04
3.556332411474669598e-04
2.781231795821861646e-04
4.855079658134512266e-04
5.071411295607294563e-04
9.787323970743440609e-04
4.841349111296927403e-04
2.773834202253441295e-04
9.692919661781962057e-04
4.459426593424072852e-04
