9.692913380160893483e-04
5.112730722600608048e-04
4.277603218582225935e-04
2.636797258520228631e-04
4.298696528313015910e-04
9.635240566847267903e-04
2.643627875043357499e-04
4.270431819426429151e-04
3.008078772168189816e-04
3.804529244636911819e-04
4.667170968005887144e-04
1.676052212714755673e-04
3.800583478765593316e-04
2.999623864373311081e-04
1.687401045252763065e-04
4.669978615818867556e-04
1.698474979826135756e-04
4.607619482394215691e-04
3.802604519868609109e-04
3.869772521699283764e-04
4.609491928897027396e-04
1.689435422387813943e-04
3.861355992755354611e-04
3.794192173094251006e-04
2.632768752454423163e-04
5.002807969910291362e-04
5.017475303072323504e-04
9.692358024847823328e-04
5.003478864854342661e-04
2.629369406895693353e-04
9.637379361854897996e-04
4.411036649404610722e-04
