9.747929767118890341e-04
5.153404472242315883e-04
4.169382117218549985e-04
2.763840870342052164e-04
4.271641828705797952e-04
9.629749550188328004e-04
2.751391048632509861e-04
4.160390148739217479e-04
3.168033303283370535e-04
3.655044857431737678e-04
4.612896169541976714e-04
1.597225333012781924e-04
3.646888200065784291e-04
3.165002806504320343e-04
1.618089111803576127e-04
4.601207618563459738e-04
1.623002286764547400e-04
4.676287053363934474e-04
3.636629478701704850e-04
3.969272519668099819e-04
4.657977056555589416e-04
1.614309378242604199e-04
3.971290402653454999e-04
3.645990018109692451e-04
2.743388132295909829e-04
4.827119983168850310e-04
5.006300711184410611e-04
9.678311679394703245e-04
4.825060366316864043e-04
2.743460765110899090e-04
9.714551505976823029e-04
4.447752204415879535e-04
