9.582490027109613314e-04
5.151897392061217593e-04
4.190396427473737275e-04
2.655656305004207491e-04
4.342751379751838754e-04
9.598551680319191261e-04
2.655586663739827893e-04
4.182826770497006640e-04
2.968126876350922895e-04
3.740911632184437587e-04
4.689879930103149001e-04
1.712245491656964912e-04
3.745701800294473096e-04
2.957574585342114763e-04
1.709853144310879004e-04
4.688998707245240556e-04
1.715425429676395777e-04
4.745882495034139319e-04
3.749809146658011796e-04
3.980867400558429654e-04
4.730947179988582519e-04
1.704784899441256650e-04
3.981808406183681942e-04
3.739754717615414222e-04
2.647282852599945981e-04
5.013666351852256488e-04
5.081510208122404747e-04
9.631521016864919059e-04
5.015572140066639753e-04
2.645100169812306307e-04
9.556489883258200780e-04
4.420750754781716712e-04
