9.632740239221222744e-02
5.175593452597111038e-02
4.264381309100066103e-02
2.652306857434550899e-02
4.323074446266168130e-02
9.779001505732859423e-02
2.649219592474876678e-02
4.252913765894859172e-02
3.102530327306319072e-02
3.665635215178684320e-02
4.657479039178608060e-02
1.629178144738139752e-02
3.660223087674202569e-02
3.100831721337612978e-02
1.644225737043287019e-02
4.658868496523767277e-02
1.644934013289685998e-02
4.614225957788900545e-02
3.668810376197072232e-02
3.917527227883168400e-02
4.612359745748883383e-02
1.642570560161331003e-02
3.911111337818116984e-02
3.668206644664810667e-02
2.657116484444595542e-02
4.873787619297934026e-02
5.039648647271557230e-02
9.692410787357705337e-02
4.876009383204744918e-02
2.649932769851566505e-02
9.713840051575226009e-02
4.468884289471219268e-02
