9.733524675047537655e-02
5.112536278276112039e-02
4.324873603708765529e-02
2.632212789277349127e-02
4.255039818324309053e-02
9.595193661397327656e-02
2.623717008109259508e-02
4.323235258458486135e-02
3.057948253319150642e-02
3.788257447385214721e-02
4.670411028628741051e-02
1.679955926541540703e-02
3.789349494695055942e-02
3.049410716395306586e-02
1.675268148664792872e-02
4.645918789383256947e-02
1.693989793336287547e-02
4.702816108695918873e-02
3.789669750099129014e-02
3.941372962966317728e-02
4.687747346749093769e-02
1.690779471371998965e-02
3.939096528733303931e-02
3.787315480346701430e-02
2.618552389847333267e-02
4.991421598398743803e-02
4.979775011943347179e-02
9.727408120165613459e-02
4.979852923402888071e-02
2.622441989349378125e-02
9.650916811019820407e-02
4.395364402953794852e-02
