9.711191527863291583e-04
5.127915166787579008e-04
4.253832197891843463e-04
2.682856545927004622e-04
4.333323952248256086e-04
9.681825181990777723e-04
2.671609598130801535e-04
4.253620773197114898e-04
2.967749264053144687e-04
3.769602194146514556e-04
4.690875273454085822e-04
1.700585414089242071e-04
3.763738425267177680e-04
2.961016028222476890e-04
1.701711336599635979e-04
4.677302503919609860e-04
1.725605840519114226e-04
4.687357619725584178e-04
3.765525396900894889e-04
3.989245392494238053e-04
4.670873623241510782e-04
1.689775312088109393e-04
3.986915316348064444e-04
3.761578490132704510e-04
2.667287985812619752e-04
5.019809106801636188e-04
5.045667776655979537e-04
9.622377598757812312e-04
5.013662616328019546e-04
2.662172677578028166e-04
9.785951238214637884e-04
4.425735813429389903e-04
