9.750462567695268590e-02
5.088617554661632042e-02
4.181971192039544982e-02
2.659561828412714685e-02
4.297216589431520489e-02
9.767807280967992500e-02
2.653453501126633654e-02
4.173028758457564269e-02
2.909313930933391315e-02
3.707187527120057308e-02
4.653389240745375161e-02
1.721267218617904965e-02
3.707713711250956723e-02
2.902111377885072813e-02
1.716516345901104509e-02
4.648062595777614076e-02
1.722561713171306269e-02
4.720486098723412904e-02
3.703281218432163957e-02
3.987776634570467521e-02
4.710688477544958813e-02
1.722127897576546107e-02
3.979670051471690534e-02
3.704590788711944332e-02
2.645558198412763934e-02
5.020070864674731903e-02
5.047909960973796101e-02
9.736167731163850037e-02
5.015572166524540076e-02
2.642957159502189873e-02
9.790488787332124465e-02
4.354452147884826929e-02
