9.678616556616129185e-02
5.150442417705392018e-02
4.204983374767554821e-02
2.684355613654315978e-02
4.308636575344391290e-02
9.574894420573880349e-02
2.678660164654383946e-02
4.209729143609240720e-02
2.948103217659720290e-02
3.769356497089008246e-02
4.669326609440187237e-02
1.717166630705239602e-02
3.761051430777969523e-02
2.936005465020180213e-02
1.704524102101410976e-02
4.654201733675462915e-02
1.710554132008185874e-02
4.729299640606913352e-02
3.768727401080897155e-02
3.981199764289466286e-02
4.717719148661964068e-02
1.712112660263385641e-02
3.975362272666364827e-02
3.757588237045372814e-02
2.671642194978714885e-02
4.958049066777911462e-02
5.075319106753383575e-02
9.649958414236925464e-02
4.955822405669219749e-02
2.681427924475041080e-02
9.616110114566837896e-02
4.375628653877637608e-02
