1.358055918171000541e-03
9.135799912357988681e-06
3.257961863478045332e-04
-2.680966499575263332e-04
-3.091740223113534532e-04
1.509758025150217779e-03
-2.074115755092623809e-04
3.351540069784735682e-04
1.044154463447773232e-04
-2.078755408025025091e-05
3.915399910268799102e-04
9.219453862929978191e-03
-1.458662877124047657e-04
1.287516563162157855e-04
1.008621938372632892e-02
-2.730613826829552640e-04
-9.718317198837382945e-03
8.084354748102290378e-04
-1.136303616379459293e-04
-3.687924021863717735e-04
-6.628742757430369477e-04
-9.874137107464805996e-03
-4.181939486123554682e-04
-9.285029946352394543e-05
-1.908895081339645060e-04
7.060392734144696068e-05
-4.416791434089590218e-04
-1.689881071791680305e-03
6.561856203316341165e-05
-1.687658108122647692e-04
-1.178458436429467935e-03
1.020912717070450557e-04
