9.762689111143266207e-02
5.139475043162415602e-02
4.306419621296557476e-02
2.653261786531285402e-02
4.276293883635529092e-02
9.664149087731813137e-02
2.648291181370253725e-02
4.292087533886208145e-02
3.104864501044895739e-02
3.685453219780362999e-02
4.624572606352835014e-02
1.643037216624614397e-02
3.689681425351417493e-02
3.100811706727075318e-02
1.657927208001577085e-02
4.623543227573909120e-02
1.659656153696286579e-02
4.682540655454374423e-02
3.680624825551676721e-02
3.976571730136443245e-02
4.674926515071842897e-02
1.661743317697509173e-02
3.975618181473487139e-02
3.681367054015734913e-02
2.648466719297810218e-02
4.938749058375675738e-02
5.010105397775933833e-02
9.697766162374635290e-02
4.938073435022021646e-02
2.635673120296369576e-02
9.785705591736335029e-02
4.425657014434997150e-02
