9.835710821603385612e-02
5.196111450578216190e-02
4.139454063515194543e-02
2.795013952611690236e-02
4.286944418275124430e-02
9.773723508482100308e-02
2.793697753232277092e-02
4.122953640159908451e-02
3.240061613402287627e-02
3.621257318853503271e-02
4.614652655049374802e-02
1.635077500404723966e-02
3.627066076284282681e-02
3.242061347574308472e-02
1.588222251833954976e-02
4.614763559681933636e-02
1.623729571092779808e-02
4.592731397489758366e-02
3.605612731325760073e-02
4.028433785207188866e-02
4.594853449190256650e-02
1.633133428032491202e-02
4.020951964878778651e-02
3.613293836076732907e-02
2.782333169507083051e-02
4.828685176625851366e-02
5.062673243937564072e-02
9.853947745344687759e-02
4.821841356317928262e-02
2.780239629989743680e-02
9.687025781058626606e-02
4.441520052219795345e-02
