-1.227521625800021259e-03
-7.061031436222978911e-04
3.541808672401897638e-04
2.594227423501346895e-04
-7.199731409716686372e-04
-1.231380373958671122e-03
2.383278981638149252e-04
3.650275304540102797e-04
-6.231977222806049307e-05
3.527323141525304158e-05
8.756379752712959786e-04
9.678148205470063839e-03
4.112910802148741070e-05
-8.505354001914748217e-05
9.868778673448673489e-03
-9.194342086189898197e-04
-9.495052196373135120e-03
4.450869478586522176e-04
-1.072475595145020668e-05
4.913354336753369519e-06
-4.603443035635741893e-04
-1.017404894323724329e-02
9.013115153541203443e-05
-2.843482135658502112e-06
3.041189520847862584e-04
8.319952565362825382e-04
-1.095134501840685321e-03
3.935126756789078398e-04
9.073265548899703097e-04
2.943062303929752438e-04
1.999746786759324518e-03
-2.419602334089715338e-04
