1.427645843866195031e-04
6.561280529221680214e-05
5.629415408180052095e-05
3.682030315634727131e-05
5.690878726341007973e-05
1.236079153014267985e-04
3.825572192093932758e-05
5.665457793909493394e-05
4.514901650320996283e-05
5.688813354226187881e-05
4.768573526923530298e-05
2.093806693314852270e-05
5.641622270686028089e-05
4.454815449639452668e-05
2.058705223936948834e-05
5.007202212755435054e-05
2.219812655803721281e-05
5.250191856847289003e-05
5.666704922360967661e-05
5.548808861887025254e-05
5.477355753802685360e-05
2.234011846012534503e-05
5.650490140976981781e-05
5.602497757059104978e-05
3.560541955943044687e-05
6.564416599546156808e-05
6.612818326179900705e-05
1.213717493603867721e-04
6.477434353689599268e-05
3.541284382487186005e-05
1.422158005307164023e-04
6.067471940819521526e-05
