9.650143703581640997e-04
5.178299859634312658e-04
4.117654705838213938e-04
2.656975600949710139e-04
4.366236206036380567e-04
9.634983609348576547e-04
2.643893084057146684e-04
4.115259152418709941e-04
2.912108317674858590e-04
3.655602717684888064e-04
4.676695008209511006e-04
1.727956830009951450e-04
3.657239845235847088e-04
2.914030007059819054e-04
1.706819769581235588e-04
4.653473408646999795e-04
1.718228246767298411e-04
4.722556993353057403e-04
3.655529030708276443e-04
4.009793740780227193e-04
4.691704089624954151e-04
1.724101519439067678e-04
4.008450728255021816e-04
3.652237945060970038e-04
2.650601378770841665e-04
5.035755198929018706e-04
5.120867397849386332e-04
9.752643981540924786e-04
5.025955637055945675e-04
2.643978514964297720e-04
9.593620164022057190e-04
4.426782662754737358e-04
