9.737903540295133730e-04
5.120092659279291015e-04
4.184634205519055777e-04
2.659123939662413416e-04
4.312872128795606922e-04
9.658428660508657469e-04
2.653907395900109841e-04
4.187675657001434237e-04
2.946177727469063415e-04
3.726987411634784383e-04
4.660342205225616275e-04
1.711210976401327042e-04
3.727885259887736774e-04
2.935971373743534712e-04
1.700300959948491920e-04
4.651413040888854444e-04
1.730689733829795423e-04
4.696050474697301331e-04
3.726059552713513619e-04
4.009585623532274396e-04
4.704675082099722813e-04
1.710389055394559855e-04
3.999004041559626197e-04
3.716253185007240521e-04
2.640987659720487463e-04
4.983340901652040956e-04
5.049098119899691865e-04
9.746304587059491853e-04
4.974927447990517377e-04
2.649609668757590465e-04
9.727625546173407226e-04
4.382222800386971397e-04
