9.606378418939219566e-02
5.155950155539037322e-02
4.273232758193581254e-02
2.641759264745585992e-02
4.304829105969262132e-02
9.685154168282202047e-02
2.648596562779904559e-02
4.268990150014410900e-02
2.996862099453151754e-02
3.803055209777365941e-02
4.704754672149166761e-02
1.700332934867078080e-02
3.795503489167018768e-02
2.999739901432313394e-02
1.691777905322705902e-02
4.696101816830955400e-02
1.705711362474241627e-02
4.672073848236404925e-02
3.801900583721735949e-02
4.028213892336041102e-02
4.662412361370778940e-02
1.723797919095830869e-02
4.022466233728349411e-02
3.797964085137172513e-02
2.645131662984881796e-02
5.002923773245509381e-02
5.051209523189732070e-02
9.576018867034799542e-02
5.012040905265104096e-02
2.637418207496648390e-02
9.671375846331624337e-02
4.406248020498314960e-02
