9.729294833848389735e-04
5.169592605142336612e-04
4.277646702539982101e-04
2.726964452969823992e-04
4.280612237135418660e-04
9.758988035672666551e-04
2.732208497869079047e-04
4.271840748451473271e-04
3.149204197290969109e-04
3.668034303398097582e-04
4.657778099075743925e-04
1.629240853314297484e-04
3.668025014434452545e-04
3.153047669383834354e-04
1.626794517655533981e-04
4.649019000030007141e-04
1.619713648097347058e-04
4.617147043375760605e-04
3.669636886194225958e-04
4.015282279975102573e-04
4.611831498384565760e-04
1.627871549996618805e-04
4.004846526741314794e-04
3.677941844005289812e-04
2.731847318673021052e-04
4.888684759214415206e-04
5.027072850742677094e-04
9.731667664176475805e-04
4.884414440895859001e-04
2.731082768426775680e-04
9.731467526405612398e-04
4.464151918606700659e-04
