9.599776584234269872e-04
5.093347444210512363e-04
4.254503934146498844e-04
2.655754942984395184e-04
4.301023441624320836e-04
9.560516770314463932e-04
2.651763278220319953e-04
4.243898117949333640e-04
2.952259589195709521e-04
3.772255104394738046e-04
4.732451793507157158e-04
1.720129048823061354e-04
3.770493042586283436e-04
2.948931017832559336e-04
1.661780177795462886e-04
4.723840989161977788e-04
1.702845087102643814e-04
4.643764850875833428e-04
3.761856861515037965e-04
3.955091701079386374e-04
4.627649661735011794e-04
1.688845921482252878e-04
3.951398902066387904e-04
3.758408664915041512e-04
2.641461824240088295e-04
4.981241894273628640e-04
5.026133226557907103e-04
9.650495326215292879e-04
4.982442672897257349e-04
2.636432613122299210e-04
9.530299605578666311e-04
4.389622352188548540e-04
