9.837920743578549860e-04
5.259377666032385469e-04
4.103410463878655475e-04
2.830943362718100500e-04
4.315558007932109009e-04
9.825568075763669879e-04
2.828507475970304147e-04
4.096367867525581817e-04
3.298038078793909212e-04
3.517686963837343933e-04
4.579575442399533899e-04
1.610744020632843686e-04
3.517064248268693448e-04
3.284893022581998655e-04
1.600999811780034283e-04
4.573693166604247203e-04
1.614739449321295900e-04
4.607798871637668481e-04
3.516421388763958894e-04
4.080188076392128409e-04
4.594031879702537209e-04
1.612301444190848720e-04
4.075784791142351765e-04
3.504112924715515514e-04
2.813878672580050699e-04
4.712474153845276604e-04
5.117894457377709276e-04
9.850041308358346154e-04
4.712279755813778958e-04
2.813332042656474042e-04
9.768284111722432862e-04
4.471333366822290828e-04
