1.421049778153366579e-03
7.132049843918588771e-04
-8.341624552550172241e-04
-1.821536205222663851e-04
3.404029786575923683e-04
3.865723248637391654e-04
-1.063522245499853912e-04
-9.219149765445627939e-04
5.724819877065512146e-04
-7.322009450613995427e-05
-1.124415341717550877e-03
9.591153615164299540e-03
-6.338385968688724269e-05
5.704568528579723966e-04
9.958967433725100099e-03
1.017306348991600098e-03
-9.588164586581531326e-03
-6.933848199358843938e-04
-1.526956526293239019e-04
9.812132233675751811e-04
5.269531282747900221e-04
-9.974521509554726620e-03
9.855374652474016735e-04
-6.298287328801439975e-05
6.608644845729766181e-07
-8.394302713702535301e-05
2.384565731151812166e-04
-1.360749130535197091e-03
-9.730041611462538897e-05
-6.410641856513371042e-05
-4.280671608780798124e-04
8.550648024200257135e-04
