9.660865450839413449e-02
5.079953962843642562e-02
4.253267526759808154e-02
2.616761703498208039e-02
4.269229398423894650e-02
9.585859663338602843e-02
2.623061511699536358e-02
4.252160350633352182e-02
2.971868036908819136e-02
3.772279704707724030e-02
4.692226936308412089e-02
1.711368643144771037e-02
3.761825957385526997e-02
2.970978271585198241e-02
1.701091381393857183e-02
4.678217154271891581e-02
1.706127322268880322e-02
4.659835975165030342e-02
3.759546296288694689e-02
4.014774166092032609e-02
4.651981872942769630e-02
1.705070992385182213e-02
4.004311722904604215e-02
3.754510924144065925e-02
2.605778364770936634e-02
4.987213445334857942e-02
5.013445918640635490e-02
9.633738470905534035e-02
4.990943095500052773e-02
2.601176495187611931e-02
9.492758401528611500e-02
4.358208698777630424e-02
