9.697517663593314963e-02
5.133267262078925613e-02
4.293420796078696589e-02
2.616332600250803261e-02
4.288493959331483169e-02
9.687065303088235324e-02
2.611564122895717460e-02
4.290243729839417902e-02
3.005988634814824034e-02
3.768475444526898921e-02
4.662782941374257056e-02
1.694174218457789038e-02
3.766221129121843925e-02
3.000622334657912851e-02
1.692145512639177743e-02
4.656325425103248483e-02
1.696503447458483013e-02
4.664951103612786920e-02
3.765724135331467021e-02
3.913417624622109181e-02
4.655265825141275543e-02
1.699466073257708404e-02
3.909307357302833907e-02
3.761745599134611040e-02
2.606705278790574440e-02
4.974785673550408127e-02
5.021007646840017213e-02
9.696148427603622222e-02
4.972065827250504028e-02
2.603617997134519829e-02
9.686058969577202027e-02
4.415083316243428868e-02
