-1.631337826504114779e-03
2.904430289704863126e-04
7.247895869330748576e-05
4.421791528942270466e-05
-2.557398972147625535e-04
-1.142203971103917170e-03
-4.413746166547221646e-05
2.115566736569623381e-05
-2.944846096268447411e-04
2.008867315162686553e-05
3.061060391476000918e-04
9.327156022972621710e-03
1.021867967310371701e-04
-3.221686128335771344e-04
1.035137073638091321e-02
-3.611918681316376133e-04
-9.821840896714357366e-03
-9.251016981823912192e-05
1.190552573690809534e-04
-4.803585814933150990e-04
1.062653574139285280e-05
-9.576780097650207380e-03
-4.549539512528314074e-04
2.010550434456921177e-05
-7.789593846274817134e-06
-1.646748950166087753e-04
-2.210483248951607713e-04
1.258022130003327247e-03
-1.678326015890182945e-04
8.479028706885338186e-05
1.464968960124453552e-03
1.980295193168007007e-04
