9.643430701818731096e-04
5.137125295351527504e-04
4.248695985830146173e-04
2.625827996845938542e-04
4.318871762036935566e-04
9.575646618865482239e-04
2.616337140388182462e-04
4.241765569486378291e-04
2.954201769090294863e-04
3.678451421389142446e-04
4.701425361786108954e-04
1.739347018377984005e-04
3.672773965588181188e-04
2.953153122686531969e-04
1.727118197064951251e-04
4.693696398487715938e-04
1.742092972446539515e-04
4.732736750559017147e-04
3.664562879743558173e-04
4.013142207410077210e-04
4.711346499463012118e-04
1.735150426393455131e-04
4.011631127075713111e-04
3.673044764283263613e-04
2.614007390048242517e-04
5.009850266367614968e-04
5.067792368898906864e-04
9.592297080296547903e-04
5.005170177066283919e-04
2.600849733163197925e-04
9.602226432674760117e-04
4.381328712840323208e-04
