9.825853667145747344e-04
5.222149099779326443e-04
4.029528159762369778e-04
2.895462815537390455e-04
4.248518423448471013e-04
9.738464022830011814e-04
2.888249988031846077e-04
4.021711629694135130e-04
3.413698059855097824e-04
3.388419757870589463e-04
4.536795069022515827e-04
1.572604288915772507e-04
3.397211991336843910e-04
3.406617746510370252e-04
1.563841854035551919e-04
4.533444796616882457e-04
1.583071530247745474e-04
4.656005528878199868e-04
3.394026389764281796e-04
4.157503733553179030e-04
4.649374308404541985e-04
1.568656245467632473e-04
4.160141749550278737e-04
3.386684712556381678e-04
2.894653956791180317e-04
4.656462540827104989e-04
5.078551233066217309e-04
9.808487332931277013e-04
4.648835161924299198e-04
2.893636107780482559e-04
9.832641391345788278e-04
4.396053531561016693e-04
