9.740897536270966273e-02
5.135203712573455787e-02
4.110757092340727031e-02
2.681762057366699273e-02
4.335382952090023612e-02
9.699248080289660234e-02
2.683341246060508972e-02
4.103528092840438152e-02
2.913491270189738983e-02
3.602774323440101345e-02
4.671026630848116451e-02
1.715904033935888168e-02
3.585844529336525838e-02
2.912055970274430444e-02
1.709016361640514764e-02
4.651764446175368772e-02
1.723098773811556142e-02
4.714778725303264001e-02
3.576524745831825142e-02
4.076616989039443667e-02
4.706283689652961122e-02
1.722091073138120459e-02
4.059868219058277578e-02
3.581565800380901582e-02
2.663595850792557437e-02
4.983134942439675086e-02
5.085946591844227316e-02
9.730377032349789290e-02
4.980729038536845649e-02
2.659876872098978356e-02
9.768715745362491210e-02
4.385042478210611494e-02
