9.835323145986629712e-02
5.113704121398856411e-02
4.279417064292646150e-02
2.664858820745401660e-02
4.309808441970609111e-02
9.637000666894553202e-02
2.655865746558890711e-02
4.279503173135958127e-02
3.001610756567187413e-02
3.812798397441940351e-02
4.624241744852411462e-02
1.698141932704874332e-02
3.804862249634941018e-02
2.997195900105653621e-02
1.707078568135108471e-02
4.621882944910601226e-02
1.706438954589307652e-02
4.674131724306541252e-02
3.806699677302825130e-02
3.969234850855743457e-02
4.667473188488330954e-02
1.692606489954334714e-02
3.967322905581022879e-02
3.801953822320128240e-02
2.654071486796611562e-02
5.032280470932091326e-02
5.016852347506312038e-02
9.755643751867454361e-02
5.032164819402355771e-02
2.651922533612173158e-02
9.701439057538399635e-02
4.413200095424680419e-02
