1.510091764521532317e-03
4.935713598878041768e-04
-3.247726420503683565e-04
-3.068867310520659178e-04
-2.308641031356609044e-04
2.911828472929238291e-03
-3.035402737236473020e-04
-3.630605196759376010e-04
4.769619674635642063e-04
-2.107315601536256583e-04
3.946479899384771435e-04
9.352063943741660210e-03
-1.661657455321302720e-04
4.329366589896541627e-04
1.003123943419938560e-02
-3.867292535029341833e-04
-9.796318052985149294e-03
2.364462109028206177e-04
-3.354316983510274180e-04
6.394600513153298133e-04
-1.890586294277904922e-04
-9.834616156689925809e-03
5.924954067524665184e-04
-1.867544632599733997e-04
-1.753329629491926823e-04
-4.402370779354867927e-04
5.932282122262839838e-05
-2.148486321582540777e-03
-4.726243591516495488e-04
-2.880865913178756385e-04
-2.265302748307174759e-03
1.837802842578335587e-04
