-1.428482288914903085e-03
1.356339427965365428e-03
8.976268097814317710e-05
1.955859128610015437e-04
6.710855190260172362e-04
2.679317907739228581e-04
2.794956310507478369e-04
1.285098735071999885e-04
-2.591929453534935063e-04
4.811301413501962738e-04
3.971621799435784330e-04
9.454253407856385086e-03
4.240422157499881503e-04
-2.968450381619968997e-04
1.026628980829284721e-02
-3.953686426710185074e-04
-9.948124716442637017e-03
-6.894091598214697103e-05
4.790451234673015327e-04
-7.819823174961502152e-05
3.559913783664701950e-05
-9.912917721587402933e-03
-7.177528351018263903e-05
3.909693692447667782e-04
2.712501713949614355e-04
2.357672328578599551e-04
8.881256485273105470e-04
8.903715878988517152e-04
2.366964190103886673e-04
2.206074931958189257e-04
2.573963085241851630e-04
1.183707710088147125e-03
