9.795265339539369065e-02
5.237728361463016291e-02
4.242229913078799514e-02
2.699921546405965184e-02
4.316207787732994489e-02
9.734711202795957863e-02
2.701240802259129159e-02
4.246368460122735417e-02
3.107960291457949331e-02
3.658972726140147236e-02
4.628771751111046551e-02
1.651644363228018178e-02
3.648099469143043644e-02
3.107659822390173091e-02
1.638971849166438038e-02
4.603615587321022856e-02
1.651900622451913866e-02
4.620294677341418160e-02
3.651969506806175547e-02
3.941301440073052831e-02
4.597039580905205175e-02
1.647864693222851618e-02
3.929678717146737471e-02
3.641970646480293533e-02
2.689455263625910308e-02
4.905000163356233039e-02
5.089476605921879754e-02
9.835946917351399976e-02
4.905577413744119375e-02
2.687750561605348545e-02
9.740523252988086966e-02
4.481951957623260541e-02
