9.694319610286986598e-04
5.194160104036458017e-04
3.992380833953344766e-04
2.897143458295224063e-04
4.246415883737638969e-04
9.755394422220381619e-04
2.898021872116912732e-04
3.992987884928767017e-04
3.379971040486249505e-04
3.458034175653353320e-04
4.602842886466210225e-04
1.553733849465380157e-04
3.460828710930156427e-04
3.373816451881577697e-04
1.562327461184515997e-04
4.585620915105654335e-04
1.569855393592201845e-04
4.567050287608357393e-04
3.464258565388032948e-04
4.116631450913913132e-04
4.542191545925665136e-04
1.561884696282347679e-04
4.109623220184099976e-04
3.454549161108370144e-04
2.893463240585731656e-04
4.612088698592819416e-04
5.053733843944667112e-04
9.679784865419393137e-04
4.602507392910018362e-04
2.886148380496677732e-04
9.788592047630224023e-04
4.422137231940691943e-04
