9.642652869122251636e-04
5.089245577801541041e-04
4.331781651120097769e-04
2.644133306366569058e-04
4.232025758432624149e-04
9.709751558140822377e-04
2.641376402762298306e-04
4.323256311805045147e-04
3.036494592217428459e-04
3.750401382072332968e-04
4.631522738231349970e-04
1.658384651632683845e-04
3.755789679027263933e-04
3.028743176458452424e-04
1.675005160123369777e-04
4.629694663694728578e-04
1.677036197741739074e-04
4.655880658671585309e-04
3.754905969581631025e-04
3.913167993813548981e-04
4.656829325186186705e-04
1.684001764249894455e-04
3.916379705995475836e-04
3.749779918810357184e-04
2.637046346295737406e-04
4.977251348811881099e-04
4.972411384359089409e-04
9.680803041443174391e-04
4.972976978332101141e-04
2.630007829767050604e-04
9.722486743616301150e-04
4.368736445773994882e-04
