-9.074730613334929755e-04
2.798691875848459583e-04
-1.624385230381402161e-04
-7.308582515119852038e-04
-4.094599259402266576e-04
4.495226573668090414e-04
-7.106748138307775143e-04
-2.060296486843901274e-04
5.509785682760256651e-04
-7.513166905043168389e-04
3.201836688599770959e-04
9.528062184321266920e-03
-7.915408361371861551e-04
6.213485700867556628e-04
1.014136164662247062e-02
-3.104750323345897563e-04
-9.698798383548302288e-03
-1.005662852927993392e-04
-8.309318168815913721e-04
5.740849710029648700e-04
6.136678366192306849e-05
-1.006488806528166649e-02
5.005152179737368126e-04
-8.335895357178921706e-04
-6.526880396956541083e-04
-8.265247893473935768e-04
-3.588965007388122182e-04
3.436357616478720087e-04
-8.744333701113973486e-04
-6.634360538943203170e-04
1.197986497452397015e-04
2.189396724850712359e-04
