9.707617817599535365e-04
5.132964552181600417e-04
4.293472270011731832e-04
2.604980461755343284e-04
4.279516869009832871e-04
9.731837645068060292e-04
2.605319013440918555e-04
4.284322682098414014e-04
2.990769774984499752e-04
3.775913203737298073e-04
4.660323132414767697e-04
1.694503038850808619e-04
3.772872390649027155e-04
2.988358263333340146e-04
1.680228416578567838e-04
4.659881568065295915e-04
1.693747515730666077e-04
4.704128970899181059e-04
3.774437823745350963e-04
3.884768378884604495e-04
4.694897583663543237e-04
1.693831283928045001e-04
3.879915825340462480e-04
3.775967339273134083e-04
2.604734052362646271e-04
4.994367193392576683e-04
5.027496520545342079e-04
9.703069365749805372e-04
4.997437109657801475e-04
2.601737194122794136e-04
9.755597714584578542e-04
4.408855082674695259e-04
