9.690348483500357823e-02
5.262956992776263859e-02
4.024728689171589574e-02
2.877565843776824783e-02
4.260084357686588774e-02
9.758066063015924385e-02
2.878913831968224132e-02
4.021695369225165850e-02
3.417348735982303487e-02
3.424976424768035044e-02
4.635430023323140747e-02
1.559017028267551883e-02
3.426528217074813198e-02
3.410725874793522905e-02
1.550420580600097437e-02
4.623656577013595531e-02
1.561245768196653852e-02
4.574781013856053097e-02
3.429650447540993907e-02
4.140638846422133035e-02
4.564261239153716981e-02
1.562748447633680732e-02
4.136689144756447445e-02
3.425571096589207637e-02
2.888840409505310375e-02
4.671572463490510085e-02
5.103035829250168742e-02
9.726347850573471843e-02
4.667783561902201506e-02
2.881216566902487439e-02
9.747875141930889553e-02
4.436214205881965078e-02
