9.710046534009331154e-02
5.235839143993677863e-02
3.962237187310684722e-02
2.898468468410674015e-02
4.270875108750639415e-02
9.736737998024370955e-02
2.891159043137606771e-02
3.954954768320401159e-02
3.386527529273832687e-02
3.451399935743574426e-02
4.592375977876272941e-02
1.564989443007075431e-02
3.445276603123190173e-02
3.382744151843116581e-02
1.538355681560440308e-02
4.591153444478833501e-02
1.569035088676278000e-02
4.559518867587188107e-02
3.441655250938843724e-02
4.109748559967173892e-02
4.544106151519467646e-02
1.556158633665259174e-02
4.104614142045094616e-02
3.440599703221096373e-02
2.890320855989435278e-02
4.676545712769650254e-02
5.093716287944873022e-02
9.696175198484700830e-02
4.672615623348667924e-02
2.885965259261483173e-02
9.701017311625712014e-02
4.425431094290076250e-02
