1.208157139353555672e-03
7.997210804477838334e-04
-2.714166343443096831e-04
1.181837316075809712e-04
2.637043193545260270e-04
-4.471544881591112868e-04
1.462609315915024252e-04
-2.146922387351805743e-04
-3.215349799240848575e-04
2.604767778812799427e-04
-1.345855050881656549e-04
9.787012664427111736e-03
2.116779861775199489e-04
-3.099437483034408287e-04
1.015993124102548655e-02
1.399061457173620575e-04
-9.707305176598733307e-03
5.565696262468667862e-04
1.448045124296856300e-04
-2.993530258037000835e-04
-4.346276822295088728e-04
-1.016054871990968236e-02
-2.727391706480822861e-04
2.492865961219715401e-04
2.269253357979534897e-04
-2.426431109148792108e-04
2.906006084232571045e-04
-5.477151940365353709e-04
-1.918511817289417264e-04
1.588705139022045655e-04
-2.872120091384497767e-04
7.680240858920277204e-04
