1.254500995890967105e-03
8.353931226923416676e-04
-2.728293437427452457e-04
-1.815580876735325901e-04
2.613673872358127310e-04
-4.747188378358049160e-05
-7.678345458699674809e-05
-2.652989947931919069e-04
1.866241783813507138e-04
-9.378806604081360945e-05
-1.235894071533728778e-03
9.681543725440229509e-03
-8.558184817738327395e-05
2.017552982368428234e-04
1.031449472779901941e-02
1.094570133073420343e-03
-9.687528481081154885e-03
2.571030737899395531e-04
-1.011416472882288077e-04
4.055078497256374469e-04
-4.421703767730516448e-04
-9.979167130150278300e-03
3.572997767121877805e-04
-4.682520812654503714e-05
-3.440503769339950851e-05
-1.796748249456756822e-04
6.011389023627875493e-04
-9.781355251164119274e-04
-1.946169531608715145e-04
-7.366522926698225069e-05
-1.232583409497532982e-04
4.462923267518267021e-04
