3.903953484058457100e-04
7.489813793728271156e-04
6.923976632019244537e-04
1.319375199785317702e-04
-4.404114115929731190e-05
6.291229559775337590e-04
1.287089055127673364e-04
6.382003698412856436e-04
-3.682044247429446600e-04
-2.705990954110425672e-04
2.942671120325974257e-05
9.409055802870554264e-03
-2.786316034119200357e-04
-3.660119184711134173e-04
1.000859629130734958e-02
1.164793606993095123e-04
-9.782402359946481413e-03
-5.514637798009597010e-05
-2.876583513295390181e-04
-8.512743421432842532e-04
2.793798868051876696e-04
-9.917330022090281236e-03
-8.388713919256761973e-04
-3.818093344067791128e-04
1.133128878499352701e-04
-2.381922810657258411e-04
2.399334603964768100e-04
7.097485568587887171e-05
-2.169376175819265438e-04
1.642779828086011302e-04
-1.172220929818437599e-03
3.331920286392126419e-04
