9.687618989368269439e-04
5.122949701799228879e-04
4.293511130037689022e-04
2.601566431705796146e-04
4.276446327481540303e-04
9.718679327264847633e-04
2.596653688243742686e-04
4.291624443241100792e-04
2.988442949713644324e-04
3.751287722163036144e-04
4.642704485968959837e-04
1.697672137739760629e-04
3.750666448377816585e-04
2.978749198247410612e-04
1.698215655410787968e-04
4.641900266299099870e-04
1.712804318744312636e-04
4.679343722063539907e-04
3.757114269733972120e-04
3.955386708164889656e-04
4.668498393737635036e-04
1.696325807493674512e-04
3.948073371118317253e-04
3.745557065651910610e-04
2.592419003204483006e-04
4.968391454154917185e-04
5.021667175508179879e-04
9.765576693684793405e-04
4.967984980765622087e-04
2.596177386188136993e-04
9.655135512395909576e-04
4.377714864357441630e-04
