9.623541958148247588e-02
5.102263711480602149e-02
4.177864194206715870e-02
2.639754757041249192e-02
4.313535342576854670e-02
9.662366949520383164e-02
2.634050492096907253e-02
4.171961615599270590e-02
2.956085330135739195e-02
3.683417145796218095e-02
4.714420205856530155e-02
1.716016224485043817e-02
3.683820407706281386e-02
2.945941760989979896e-02
1.707503540962373653e-02
4.700147922980088544e-02
1.706917777749722073e-02
4.695732651513406797e-02
3.684529935498664921e-02
4.031848438711700677e-02
4.675352035490695085e-02
1.721028018565721324e-02
4.029474941066147481e-02
3.672414377670171759e-02
2.631216469457501456e-02
4.977277618332152237e-02
5.042081511464778509e-02
9.682722936957034732e-02
4.977530329239315821e-02
2.631496218042463434e-02
9.619449879370223222e-02
4.366366349405426117e-02
