9.678810277276227170e-02
5.076240960556513415e-02
4.156173663131987328e-02
2.693712946783971898e-02
4.307533637039097363e-02
9.675022056831181216e-02
2.688913107560420360e-02
4.146484868261391538e-02
2.926721518958697033e-02
3.604582333143248329e-02
4.736995232204246203e-02
1.722814293851045869e-02
3.607517190445915650e-02
2.916139943205180510e-02
1.716825009789380713e-02
4.718170963377626981e-02
1.713506582215247945e-02
4.653402604774642404e-02
3.610057367159745512e-02
4.065444959617570825e-02
4.654807060340467040e-02
1.734426917423999986e-02
4.059554496751670988e-02
3.605029550187480170e-02
2.682625262941495253e-02
5.000758489578569638e-02
5.024156736308287019e-02
9.675342276622972415e-02
4.999971641755138890e-02
2.690134436333875209e-02
9.634469643763876601e-02
4.363611724241212714e-02
