2.451211395745793789e-04
2.426698831044871239e-04
3.250195102575806133e-04
-5.344908960220146011e-04
-1.373158100876051193e-04
1.395947791017501747e-04
-5.672593898326358693e-04
2.786508830826432215e-04
-1.897967837484109484e-04
-1.482069413167514445e-04
2.213425923821823115e-04
9.407301400695892990e-03
-2.166687654502304282e-04
-2.521170440633310533e-04
1.000929246979383874e-02
-4.085388795946314085e-04
-9.648587774797129368e-03
8.813449518904746159e-05
-1.941457410418820785e-04
-3.075042225899150350e-04
-1.658578298686828271e-04
-9.894552327373658598e-03
-2.281635977587157394e-04
-2.160010559493755926e-04
-6.108502372008598868e-04
-6.888647901592797457e-05
5.867491981489114525e-05
-9.861975691874344530e-04
-4.557188721039409461e-05
-5.045512925032854829e-04
5.864890683026301958e-04
2.745262903969359499e-05
