9.661181689416618867e-02
5.173639348580856556e-02
4.270813360074869613e-02
2.726337209335688572e-02
4.295433238437686152e-02
9.748167049149401853e-02
2.719983667013342946e-02
4.266434497166015499e-02
3.095455960509586185e-02
3.722629699190942165e-02
4.651176208314490579e-02
1.654513597392794425e-02
3.719308809631483720e-02
3.092382281407371827e-02
1.663958125297467991e-02
4.647421474754568488e-02
1.665487868408005098e-02
4.656651232010226849e-02
3.713153402359218452e-02
3.918045010577474868e-02
4.641609122735787518e-02
1.660754420925724534e-02
3.918710009607803690e-02
3.717951310009713628e-02
2.723073411446338965e-02
4.892112907263140853e-02
5.042245000525334003e-02
9.696339254404331975e-02
4.884047108472623633e-02
2.715271857067856620e-02
9.677034439230305929e-02
4.452495122105104564e-02
