9.778658930614839932e-04
5.144708870221274604e-04
4.190884420576616040e-04
2.632294803248187882e-04
4.321547066366217987e-04
9.599773483542881113e-04
2.626285705594293943e-04
4.203201185708208194e-04
2.936095762355103852e-04
3.714043571388584005e-04
4.691485517078082513e-04
1.703614820273431749e-04
3.706615267889169524e-04
2.926393215686461970e-04
1.712505207559812941e-04
4.676871762895404164e-04
1.723747594944132291e-04
4.671307591125890943e-04
3.711740065677014005e-04
3.993895830699404682e-04
4.659731907141504781e-04
1.695583457553438082e-04
3.984839987929656379e-04
3.694376639609173001e-04
2.615637957344040714e-04
5.056781395571159372e-04
5.076102861964254184e-04
9.704903516444163443e-04
5.051713921936546196e-04
2.616789481237556106e-04
9.722649966117780486e-04
4.407968594691285429e-04
