-1.208301073534398138e-03
1.035282705015928882e-03
-4.087401196449795722e-04
2.694081839749320968e-05
4.985655554964191216e-04
-9.733333303476861091e-05
-4.430774510625693145e-06
-4.025071758742827213e-04
3.851461493825086976e-04
-5.259088776343351536e-05
6.239684611492250614e-04
9.651801231884709134e-03
-1.223074482401594669e-05
3.595650646013780704e-04
1.011059309581928585e-02
-6.967876176659247361e-04
-9.798732684612117966e-03
9.095183665227666474e-05
-4.020767619828019329e-05
2.859218051690521072e-04
-1.668866832965003690e-04
-1.017388004805434322e-02
3.339518989423844808e-04
-1.230437974564922872e-04
1.678432653337467737e-05
-9.110974911610593419e-04
7.140386598189042222e-04
5.675234941646050226e-05
-8.766325212124508222e-04
7.379698919125565011e-05
1.223560501640878848e-03
7.749598969743755035e-04
