9.668486292791862724e-02
5.070876207232440092e-02
4.154469467603087024e-02
2.681505602269472141e-02
4.278248186209344245e-02
9.589904331729534603e-02
2.683773455229897242e-02
4.142500979291886820e-02
2.961583152382406617e-02
3.664583423740936513e-02
4.684225158668216954e-02
1.714746611041053845e-02
3.667425356592873831e-02
2.950046002559817554e-02
1.706986903857134891e-02
4.672396569698526042e-02
1.707863113720321444e-02
4.736474203610555739e-02
3.670695643660797786e-02
4.068154512650490329e-02
4.717261952646891604e-02
1.733739937256247726e-02
4.063083282248811795e-02
3.664963254800680109e-02
2.680916272722443094e-02
4.989213565648950577e-02
5.037779349290759379e-02
9.623046756163630699e-02
4.992922224070406312e-02
2.676477481521495269e-02
9.689535869261238499e-02
4.317268055935023774e-02
