2.510064290715880082e-04
2.778367637615476054e-04
-5.824109913655868331e-05
2.007187796062671415e-04
-4.779357886754118947e-04
-4.517469703464910323e-04
1.496769968373886294e-04
-1.144887565279105267e-04
4.117718783841430621e-05
4.151106976128495960e-04
-3.626941867769947162e-05
9.584364583960097023e-03
3.404838851674864405e-04
-3.766682696382880354e-05
1.021546930127725274e-02
1.543122945123334212e-04
-9.779544753910353674e-03
4.207680020495762957e-04
3.119665172255772019e-04
-2.666585833277740174e-04
-2.628434706673104821e-04
-9.984797944051571408e-03
-2.273616172800972700e-04
4.173166933853169236e-04
1.381685341841799722e-04
-5.947690645257197118e-04
-2.703728545971074960e-04
-1.845135442820805603e-04
-6.010231367239963910e-04
1.834914912340658035e-04
4.202944805509850569e-04
6.725691923551882056e-05
