9.700696970718200238e-04
5.100875012356286290e-04
4.286813108534706066e-04
2.652303703807572396e-04
4.253556681457843413e-04
9.674614667136721300e-04
2.641286399642751252e-04
4.283311910124179621e-04
2.963416894330726304e-04
3.797258279454887803e-04
4.691676216635408381e-04
1.706037808878985802e-04
3.791257386710955492e-04
2.967664087855500718e-04
1.729903817728048389e-04
4.681093217822946306e-04
1.735527975834757401e-04
4.665212791295404596e-04
3.782912053912238859e-04
3.995148660116464110e-04
4.664969950544616798e-04
1.713178176628668439e-04
3.985331687041229515e-04
3.789860694610931746e-04
2.640129048766146568e-04
4.951467548544277904e-04
4.997189270577459064e-04
9.577946897717847050e-04
4.944609732479223092e-04
2.637414201242864963e-04
9.797601236793513583e-04
4.365686567944527261e-04
