9.750199774898509267e-04
5.129645089784819504e-04
4.325997639049131583e-04
2.613562938935095952e-04
4.309786446895596504e-04
9.731803936162089930e-04
2.601522919419462974e-04
4.329966166599014728e-04
3.048172309312452964e-04
3.728404596195354528e-04
4.718398709014275192e-04
1.685775434900187728e-04
3.720971480213162855e-04
3.035980352588379797e-04
1.663649925226944656e-04
4.709422698405937900e-04
1.674852698881480035e-04
4.682888911187378547e-04
3.723853649204760864e-04
3.938081513656460858e-04
4.670225806698046541e-04
1.683886326203091663e-04
3.937725482599164942e-04
3.718305238184541842e-04
2.590937946840844957e-04
5.034753374497778376e-04
4.993627429038601136e-04
9.802989282600279783e-04
5.036473681145112831e-04
2.592004222496087167e-04
9.746095086598270197e-04
4.438829613424564221e-04
