1.430199071700149506e-04
5.903088281919630889e-05
6.710632781832676899e-05
3.235403310978897422e-05
5.176606566889555201e-05
1.538270534239608283e-04
3.347112496627396746e-05
6.643766073860998540e-05
4.499009991506432155e-05
5.613429258654069050e-05
6.576727821963347089e-05
2.866444123336060428e-05
5.328341797033175762e-05
4.618296321121243616e-05
2.298943551289713466e-05
6.627532937644939879e-05
2.507932357195602133e-05
5.383568330022288340e-05
5.412868336738964038e-05
6.976523566068337106e-05
5.490617843834461824e-05
2.736334237688836456e-05
6.912942183816706693e-05
5.305525134418036525e-05
3.278873632435931227e-05
6.644325776872571723e-05
6.219269095901860164e-05
1.378550125403306859e-04
6.539208543912018853e-05
3.178041677084136662e-05
1.511883960443907401e-04
4.994437186002688303e-05
