-1.865456316175301147e-03
4.480807526684399498e-04
4.980034119886248651e-04
-8.339691318532894873e-05
-3.014700657120178841e-04
-1.559845569523902672e-03
-5.050512591052112312e-05
5.532680097035069756e-04
-1.482063327128221744e-04
3.417499644306773790e-04
3.295488821875383351e-05
9.529993020837953382e-03
3.322114889074224758e-04
-6.746091371271492674e-05
1.019017811473854271e-02
-1.188586181930587613e-04
-9.865789999027209725e-03
-5.230981233714010383e-04
3.636152943310638286e-04
-6.916663040334395524e-04
4.116937195864004253e-04
-9.980687864835965234e-03
-7.214503528787040128e-04
4.094220052136322038e-04
-2.125769601532920977e-05
-9.100334891851462815e-05
-9.525532089555022598e-05
2.169355436041275551e-03
-7.636985861187846835e-05
2.146903206091623937e-05
1.262351422946317173e-03
2.261063357027127052e-04
