-1.463473626528461347e-03
2.873465745001502073e-04
-3.159234196027272562e-04
-5.410550457707670891e-04
-2.617912145184627683e-04
1.481839350962702327e-05
-6.082219449140581751e-04
-3.283967255474272645e-04
-9.304496891418461498e-05
-4.212679574039324094e-04
3.742559984968755549e-04
9.670763269470718931e-03
-3.897631367395927950e-04
-5.815373346688214361e-05
1.008036221793536316e-02
-2.086254160424233744e-04
-9.615781381792315105e-03
-5.511612703332339786e-04
-4.735252767344707648e-04
-3.641698326993353516e-06
6.898713567019184320e-04
-9.973296955592928989e-03
4.547105795512561494e-05
-4.336620909500357745e-04
-5.045804041554303922e-04
-2.397479517472011579e-04
-2.504938466520582646e-05
1.556086113459726568e-03
-2.610818519224377353e-04
-5.055241650774310340e-04
-6.178274751183555121e-05
4.933528106047333769e-05
