-9.981928893438431032e-04
1.163362360931983417e-04
-2.974678379725744577e-04
-8.381205604077876991e-04
-9.154769680005069282e-04
-1.068179954226260338e-03
-7.362987555532579014e-04
-2.632262790338827816e-04
8.500846183034001257e-05
-8.253335621478407897e-04
2.728857534157514992e-04
9.545120506107682493e-03
-8.535599026706398862e-04
1.081403414260209781e-04
1.032224230959310693e-02
-3.078385545764233066e-04
-9.805280070211587831e-03
-4.558186846874479926e-04
-8.641229727762688708e-04
1.590471505819544005e-04
4.147145073879958226e-04
-9.932473616965524499e-03
1.298417503659393115e-04
-8.418696107529031938e-04
-6.877270066202638638e-04
-3.387784830831757038e-04
-5.149878449390203963e-04
1.374458311660967927e-03
-3.548342031046218775e-04
-7.715556805400709600e-04
6.528132011150019568e-04
-2.484099845933560101e-04
