9.663057649798860449e-02
5.083264216107509503e-02
4.270024008669028731e-02
2.623480533278038998e-02
4.270033328425191371e-02
9.656513603867618312e-02
2.620928709354754249e-02
4.266955122367099840e-02
2.997525878853048859e-02
3.790980442826592800e-02
4.615202562325201874e-02
1.681252466833281847e-02
3.782409100146242459e-02
2.993568192423590180e-02
1.670943708532864752e-02
4.614265600997265876e-02
1.678690908464245887e-02
4.682760283486152308e-02
3.785113232871427369e-02
3.928193839176712804e-02
4.694192823208542809e-02
1.685402206985939927e-02
3.918395799137791569e-02
3.782629208154909134e-02
2.615800673537447760e-02
5.027754790569971544e-02
4.972410435761678849e-02
9.728396675187701848e-02
5.027493376737792591e-02
2.611226763008462834e-02
9.617306066947491072e-02
4.386626939499888023e-02
