9.770503550767188194e-04
5.105960648039249098e-04
4.114529578841338050e-04
2.678340388644925678e-04
4.338031506516933978e-04
9.750467305736376395e-04
2.667851784857071858e-04
4.107545753619270385e-04
2.908206329321297865e-04
3.683818557885387029e-04
4.763516684538689921e-04
1.681624160016542604e-04
3.683759691489344400e-04
2.901312269488532693e-04
1.712035932454274807e-04
4.751156281803983988e-04
1.725602400645242639e-04
4.662952018479443717e-04
3.688181576370823476e-04
3.991339605607533629e-04
4.664207982971267500e-04
1.713919514800880636e-04
3.986409910950945213e-04
3.677268809852795423e-04
2.657154317673867902e-04
4.990920360775011463e-04
5.063194754738952570e-04
9.804508031394675895e-04
4.986932898178068289e-04
2.660966575143259259e-04
9.632870316268624328e-04
4.392436451536514447e-04
