1.485279625175622798e-03
8.601100195269193371e-04
-2.534245992477696631e-05
-2.348869622209675504e-04
5.428177781351437936e-04
6.832451308568345590e-04
-2.568904744968020541e-04
-2.922734475741296597e-05
-2.048232769395249425e-04
-7.511928146094706176e-04
-2.841555920391110606e-04
9.949958408055965819e-03
-7.109591982218201912e-04
-2.344601985453530386e-04
1.002061097057793324e-02
2.293687821598985660e-04
-9.384174893910289875e-03
-7.312262325986978930e-05
-7.131813931871819378e-04
7.131675373504081856e-05
-9.794522957818667660e-06
-1.025052094851177341e-02
9.325280843884690724e-05
-7.431154032598898118e-04
-1.408039090299911464e-04
-2.135913260894442469e-04
5.391661917604268677e-04
-1.153779887966150221e-03
-1.888210522689180758e-04
-8.215410758468936667e-05
-9.708223401025700043e-04
1.005349843238640371e-03
