9.559834143588504657e-05
5.357446572971468721e-05
4.082666031742414401e-05
2.620938947788985639e-05
4.550013387227996219e-05
1.021037863885387002e-04
2.570046602031836815e-05
4.103345121629831176e-05
2.881798399647849147e-05
3.098384773231450636e-05
4.224672508342312128e-05
1.758794623057970594e-05
3.079349709093943011e-05
2.812191926507504538e-05
1.631628930920480837e-05
4.515880906944079437e-05
1.729026248663195344e-05
4.468018058831892217e-05
3.224186365331752784e-05
3.943142832324162322e-05
4.346396589511646676e-05
1.543450507696090846e-05
3.838722096555163230e-05
3.073379276420826846e-05
2.616691506085574228e-05
4.813826121208040701e-05
5.637181816905596912e-05
9.431281431382448823e-05
4.812115704722236975e-05
2.606647641103479557e-05
1.097262323653136083e-04
4.195188245007151019e-05
