9.726397804302922001e-02
5.174702821528909952e-02
4.239657632545398153e-02
2.637039066404162080e-02
4.304676631169831319e-02
9.748083548091632244e-02
2.635097035940546853e-02
4.232744454663452810e-02
2.990766725106101462e-02
3.767953083744345066e-02
4.721574895612492412e-02
1.707753621588360693e-02
3.757969914573294073e-02
2.977747282941794332e-02
1.697954223776661220e-02
4.713509533183753153e-02
1.703760249951078928e-02
4.773797046982817399e-02
3.756201211524880929e-02
3.974386809645179264e-02
4.765851224651301149e-02
1.703590813813756280e-02
3.972094945971271079e-02
3.755653648635173120e-02
2.630244551297707817e-02
5.015184945116051007e-02
5.084591807585676915e-02
9.767636067498959573e-02
5.020794594472222094e-02
2.626090519542566282e-02
9.739953117616598210e-02
4.410626627928104088e-02
