9.751083490847392262e-04
5.103203946633763947e-04
4.256052954554134056e-04
2.653770832222019337e-04
4.313404570956163491e-04
9.641410808971135086e-04
2.648593548678158981e-04
4.249772996380866345e-04
2.975281597779358650e-04
3.718984213807537045e-04
4.730113032208277477e-04
1.704164772193726913e-04
3.715688241383018910e-04
2.962868232856815331e-04
1.701188824458626386e-04
4.721186151615432277e-04
1.703893076745309921e-04
4.644681709406448845e-04
3.704715359245565071e-04
4.042316036490877060e-04
4.629941932834309194e-04
1.707365376566760706e-04
4.040885216934762716e-04
3.705746334431588539e-04
2.626736081889583397e-04
5.004381285932053879e-04
5.036974682335652008e-04
9.675760842422653383e-04
5.003586577695863123e-04
2.633035624597218063e-04
9.650408821121578577e-04
4.380253683967774746e-04
