4.678413090683660423e-04
5.663434062893522815e-04
-2.603388599216375728e-04
-2.498097342323228154e-04
-1.597560411906047125e-04
8.232746322945573483e-04
-2.775004486266365684e-04
-2.476558838909874742e-04
-9.685295980603481826e-06
4.420690224876510765e-04
7.969474186055735968e-05
9.639301056383053901e-03
5.004720350088086387e-04
-2.950191929356433821e-05
9.875684559062479495e-03
-1.372630309668091309e-04
-9.623555091239254650e-03
-2.607949994415552090e-05
3.706327339763401262e-04
-5.455680778050593432e-05
-4.134290852276313643e-05
-1.014454415606512797e-02
-3.362847077862672780e-06
4.137037045441793650e-04
-1.276727427412116403e-04
6.269147445497526977e-04
3.960533483537742637e-05
-9.899945634414607058e-05
6.888962659775797357e-04
-2.643109788814975293e-04
-1.177957196932461316e-03
3.283475264173653114e-04
