9.687971328028950613e-02
5.119495636635235103e-02
4.336619659014728095e-02
2.606240413204784917e-02
4.318898705131671290e-02
9.728004375488442934e-02
2.610308242286951685e-02
4.334887309174780684e-02
3.045141642198344323e-02
3.741759998773358520e-02
4.665561259733533306e-02
1.685104898760302408e-02
3.740886714838951438e-02
3.038771934534673091e-02
1.673251438635408803e-02
4.655286389838541455e-02
1.677531550010579603e-02
4.621624373282817028e-02
3.743482463489015283e-02
3.907520268538960256e-02
4.605300256489612554e-02
1.694771725244002131e-02
3.903869754943729842e-02
3.741377519466880519e-02
2.613560813447160514e-02
4.987940977765931150e-02
5.011323042514619769e-02
9.644327050092280085e-02
4.988481059027043835e-02
2.603818223507932406e-02
9.779747571435203068e-02
4.434236390254434057e-02
