-6.580634654742780094e-04
3.508456585532753543e-04
3.715787167321405555e-04
-6.515553724652653142e-05
-4.973695752683413192e-04
-9.351020674421227884e-04
-1.359298006844813014e-04
3.248481933853519799e-04
9.687939622108558257e-05
-3.312363560297418730e-04
-7.923208367043396054e-05
9.835221388225416986e-03
-3.341539904106953073e-04
5.849132445568439210e-05
1.002942656199487005e-02
1.021263403298086777e-04
-9.573071832764269706e-03
-4.057234573846993202e-04
-4.226327120924712401e-04
1.365252966812674962e-04
4.266001339885458596e-04
-1.011873693215967554e-02
1.183617289683925266e-04
-4.057371868362923497e-04
-9.913210845932935290e-05
1.952728017014552185e-04
-2.127788302166193303e-04
3.071253769107780852e-04
2.241480970812645998e-04
-8.323493783124818958e-05
1.284665604682197048e-03
9.567191542129326520e-05
