9.709956882757416266e-04
5.211392267098767820e-04
4.117945101484998816e-04
2.851294251869999343e-04
4.252070618085097365e-04
9.749762110758123301e-04
2.844032882127973992e-04
4.105748202655317433e-04
3.279072526238885539e-04
3.554471636452857992e-04
4.600280890317783901e-04
1.573924453381590771e-04
3.557450800811880762e-04
3.279123633557070412e-04
1.576376468081695738e-04
4.587722282997517480e-04
1.577751504943685672e-04
4.639079910156948018e-04
3.556442016151762264e-04
4.004462783680953330e-04
4.613903325410852164e-04
1.567305488805551547e-04
4.005644784841806715e-04
3.558039239664306775e-04
2.844399162007499164e-04
4.748748959340973316e-04
5.080449483013415625e-04
9.689256107320917818e-04
4.740095095123057268e-04
2.835896184992804355e-04
9.794546026980566547e-04
4.410799284124290579e-04
