-2.959597181672413775e-04
1.542323407000898653e-03
3.100148675866398491e-04
-7.570664514108984937e-04
8.650075174285639648e-04
2.852434652731322164e-04
-7.226638536699180829e-04
3.176087548188019573e-04
1.934047913869502144e-04
-1.004745862777615224e-03
6.368371984041804696e-04
9.295016516784593980e-03
-9.940740383941402535e-04
2.647744129299576523e-04
1.017041303061273598e-02
-7.083131489707983905e-04
-9.913249502533130406e-03
9.919539111809701408e-06
-1.035004973979485564e-03
6.644988872843257579e-05
-7.764778100422607118e-06
-9.861820263225960434e-03
-1.720329073321864573e-05
-9.963434240363082482e-04
-6.418322629662473596e-04
-1.505423757598622816e-04
1.225377865200157762e-03
-8.697842780528825771e-05
-1.766566334661147928e-04
-7.658328780943828322e-04
7.823522920009004489e-05
1.202421473531236100e-03
