6.578951057503001475e-04
8.666777976154822847e-04
3.656905243766812408e-04
-1.476294114815177830e-04
2.122515035211219577e-04
1.766322941294105235e-03
-1.254477417371312902e-04
4.255599127860778923e-04
-1.768251586837885504e-05
-3.613254183851652315e-04
6.644388220688018628e-04
9.632961863996010801e-03
-4.418939553208662565e-04
5.081002674915484872e-05
1.017347617485469570e-02
-7.552989276131730732e-04
-9.805720098043478258e-03
-1.759522524616281668e-05
-5.189228919579637637e-04
1.522382644389517421e-05
1.485241226007597704e-06
-9.950357176991733721e-03
-1.831016030031989557e-05
-4.728710262859771719e-04
-7.398274229660014732e-05
-5.714876522337969318e-05
3.690233371689123718e-04
-1.448421974789248969e-03
-1.141405875207851571e-05
-8.738738576529403934e-05
-9.768151851500231526e-04
7.346616138778457516e-04
