9.608603832205625528e-02
5.165153709924246578e-02
4.239730792699340084e-02
2.623924078106929306e-02
4.338553650775328618e-02
9.505899093316939885e-02
2.622300249516119203e-02
4.234624419095437547e-02
2.950155266539758112e-02
3.748451585068567765e-02
4.648583610490459456e-02
1.683386533435607055e-02
3.747530639243956685e-02
2.946840908704561474e-02
1.695181934746728056e-02
4.645533216049892861e-02
1.691916797176126752e-02
4.693880738740467684e-02
3.748749729519614687e-02
3.992603844723356665e-02
4.682910351711590258e-02
1.700841179521047838e-02
3.984869406097577699e-02
3.742803773762520131e-02
2.620218662246463423e-02
4.934105164414050171e-02
5.087075037904734143e-02
9.503576574571727387e-02
4.933315215986569524e-02
2.612686824114443182e-02
9.624191035327839261e-02
4.437199496463270498e-02
