6.393796787342646793e-04
-6.450884379301615769e-04
-5.726137188168205477e-04
-2.961657788376793887e-04
-8.556768452733276619e-04
-8.885770661744988100e-04
-2.926696463054406024e-04
-5.315320135657644303e-04
3.411135612080848714e-04
-2.752518233667847029e-04
-3.191300898134269751e-04
9.845944030074771369e-03
-2.398864260489174457e-04
3.368196737199025408e-04
9.765908822515103130e-03
2.718662845932341265e-04
-9.418623346197923726e-03
-2.105712534848143565e-04
-3.012771977065984569e-04
5.557650911395145034e-04
1.314562993627848154e-04
-1.031318513343017391e-02
5.338145224546423425e-04
-2.102572224467029742e-04
-2.679772450156093361e-04
-4.712089496304454382e-04
-1.065184739303032041e-03
6.062708339556889374e-05
-4.178003971629056629e-04
-2.503916607625038303e-04
2.081704753250813045e-04
-4.508310794742157899e-04
