-1.312110326146928921e-03
5.792784701269264623e-05
4.201215817671058146e-04
2.170809706687025628e-04
-4.663009273951504788e-04
-1.891706197620955459e-04
1.689783574264135742e-04
4.734716543150512447e-04
-1.525031253224654721e-04
3.899893757285743750e-04
7.228575623773865564e-04
9.699721382970025174e-03
3.417514086827114802e-04
-1.447211582197500989e-04
1.002050515397561771e-02
-7.222345171179173724e-04
-9.567866914398173023e-03
1.172444892145156495e-04
3.343165659996719108e-04
-3.790056599509581607e-04
-1.076012806646281912e-04
-9.959822920201340593e-03
-3.599652127981757955e-04
3.072538592561842243e-04
2.460501579294220803e-04
6.935584684028326232e-04
-5.510456209022731797e-04
1.214683696325164234e-03
6.593989742843403296e-04
3.129078983655371980e-04
3.029631014854629431e-04
8.944986290217689438e-05
