2.272560194456077834e-03
3.125853009259384137e-05
-1.727710123065178481e-05
1.541710474639910691e-05
-5.375394886925265138e-04
3.020244087263948183e-04
5.746581412199312019e-05
2.805287075152434881e-06
-4.292234384910411727e-04
4.304621741878026362e-04
-5.913904293005775234e-04
9.501670879265330938e-03
4.080348745534458739e-04
-3.708752557976119899e-04
1.022151580057220101e-02
4.633539900415083635e-04
-9.847630121202748804e-03
4.448697782008688970e-04
3.104541089832698838e-04
-5.575386319999655997e-04
-5.106597596741620140e-04
-9.964266599255585527e-03
-6.258400969599686031e-04
3.988899505619638132e-04
6.824524004210322397e-06
1.118042495910018128e-04
-4.921007141704126760e-04
-1.394347173684735422e-03
6.155764327734621977e-05
3.194677405448823971e-05
-1.117584218013234227e-03
9.424131425227278498e-06
