9.738175468207329851e-04
5.282005628403479416e-04
4.011284688814298837e-04
2.908547689199731073e-04
4.263196008956665400e-04
9.843960375056090908e-04
2.897488099027482108e-04
4.017516410143125356e-04
3.382861165559718848e-04
3.426182425033350585e-04
4.617378196936359797e-04
1.565925756941056622e-04
3.426926181060762689e-04
3.381464319191109891e-04
1.567993580980527849e-04
4.601447347952800191e-04
1.576218790714141731e-04
4.584015574013316791e-04
3.435695856380951508e-04
4.122283756667132837e-04
4.578628834648842180e-04
1.581701855934275469e-04
4.124756560805922356e-04
3.428058349647270875e-04
2.909300405004044163e-04
4.598485233123439310e-04
5.124676620121284502e-04
9.805174923289772596e-04
4.597746915999612527e-04
2.904896405737743118e-04
9.806728377328571833e-04
4.438623834651050470e-04
