9.732218172102172216e-02
5.134028754470667394e-02
4.346858702925749524e-02
2.643438324791172467e-02
4.256566074211770578e-02
9.741548669827665430e-02
2.635102617399727107e-02
4.345119471626082697e-02
3.027816014147865012e-02
3.762130395242039432e-02
4.694303313855476001e-02
1.681504946583793278e-02
3.750290512498500456e-02
3.021582959282423375e-02
1.696183760000763777e-02
4.685491844384393617e-02
1.697474242624587640e-02
4.627339302247424069e-02
3.765232720785997161e-02
3.903406828944431389e-02
4.622303274665854472e-02
1.699518521650041775e-02
3.897508166286019898e-02
3.756769525126825437e-02
2.631365943727329015e-02
4.907044524270400693e-02
5.001232322731180568e-02
9.733104480006411763e-02
4.909505902912776609e-02
2.635013691602885663e-02
9.741555720468189628e-02
4.410748310199040512e-02
