9.845968063046055263e-02
5.249934196076190551e-02
4.024739353119229784e-02
2.918243167520401596e-02
4.283598711250304752e-02
9.871666688258827482e-02
2.914926251474546370e-02
4.027221712505005269e-02
3.461571110992405637e-02
3.468787459375802240e-02
4.589892801495958768e-02
1.542491054760041988e-02
3.461476811407870197e-02
3.459591095288847701e-02
1.552670263436501871e-02
4.569328215357660455e-02
1.559910479161882683e-02
4.586155892026078096e-02
3.455153270453589082e-02
4.191310272648338803e-02
4.576425024406220038e-02
1.551854066838042646e-02
4.181601140393190891e-02
3.452611081109588365e-02
2.911746698303513056e-02
4.654171672528892995e-02
5.089366481703100353e-02
9.858784730844422084e-02
4.645037889080672749e-02
2.907074318852571893e-02
9.890133755364145796e-02
4.463926962005361487e-02
