9.671579921474645096e-04
5.092278812534328661e-04
4.183116553487733363e-04
2.645597465237820131e-04
4.301953525064079850e-04
9.649694745673978403e-04
2.653098965004717629e-04
4.180553532961294610e-04
2.952841058896509300e-04
3.749442815753861020e-04
4.656080667779547528e-04
1.715096306384240237e-04
3.744064136593663428e-04
2.949152449324794951e-04
1.712170231403179605e-04
4.640620988912609059e-04
1.733461333580519270e-04
4.669378307043336139e-04
3.741400721522451897e-04
3.977246565043187515e-04
4.669928969834320331e-04
1.722969531547397383e-04
3.963865429927599499e-04
3.734223450446055620e-04
2.640156120252850919e-04
4.986902289539547374e-04
5.018768031272934603e-04
9.699294829633561734e-04
4.984107806797960028e-04
2.635352493626692025e-04
9.673103823999252898e-04
4.379494669737337472e-04
