9.084826071747017725e-05
5.367439743764658991e-05
3.988394825183153909e-05
2.876864393650921023e-05
4.729676617475362847e-05
9.402234612831173756e-05
2.860256142459149687e-05
4.143342013006082159e-05
3.493318868191942577e-05
3.404757937393461229e-05
4.544037065743924259e-05
1.652069680297237869e-05
3.544424647537337673e-05
3.386955518660737764e-05
1.739998998792915920e-05
4.418315775037222034e-05
1.644796412325228992e-05
4.318362838109377134e-05
3.627251471147315101e-05
4.017261371627936918e-05
4.178336145699737238e-05
1.840611275025678961e-05
4.031380756634680735e-05
3.615900509672420089e-05
2.863546349695370429e-05
4.886624975151650159e-05
4.974215018758292999e-05
1.007604179792336398e-04
4.828695461381822865e-05
2.786606406857159519e-05
9.202805645521601116e-05
4.748531920599390266e-05
