9.807519231142766171e-04
5.310249127491294824e-04
3.980274054412715010e-04
2.937145346342432762e-04
4.279609326384300962e-04
9.777934896389997230e-04
2.939113100393401200e-04
3.971554987198067186e-04
3.416212121989319972e-04
3.448517429983241839e-04
4.589449387926716685e-04
1.555266883513527665e-04
3.446117725730203532e-04
3.414078811174454508e-04
1.553794507321140715e-04
4.587048999074520958e-04
1.557395500772901491e-04
4.508563034647557872e-04
3.448712324219061149e-04
4.129597099630414421e-04
4.507549552721832296e-04
1.561598471748750720e-04
4.126581758113723425e-04
3.450415235282330048e-04
2.935968526996708813e-04
4.605123960881237779e-04
5.161459071757756607e-04
9.771961896223942297e-04
4.594748378331440890e-04
2.931245372288675873e-04
9.777232911389261219e-04
4.452195216814504330e-04
