9.688167578109653510e-02
5.128243983893720354e-02
4.182671219737386231e-02
2.635897801443297037e-02
4.308810019325549218e-02
9.708638115063839003e-02
2.629530076606645395e-02
4.178559001127397227e-02
2.966799468538645554e-02
3.750584389712068034e-02
4.720409333617122533e-02
1.733492567527143008e-02
3.753817552122151041e-02
2.958719484376769529e-02
1.713268153053898457e-02
4.723676015901544928e-02
1.733118726934216453e-02
4.688409032453672021e-02
3.748856231348394324e-02
3.915460355745333659e-02
4.669770785310296130e-02
1.732041900048597594e-02
3.915848425702509600e-02
3.743921643690496098e-02
2.628644179505682660e-02
4.960735441105122712e-02
5.053761684255052289e-02
9.708282161058204296e-02
4.951528270061595488e-02
2.623336144743593917e-02
9.617225489888779622e-02
4.395493940401720007e-02
