9.692028668775993887e-04
5.084861902733046500e-04
4.203673541537059229e-04
2.648412874371614011e-04
4.245342342119486209e-04
9.702612745299001550e-04
2.640707987887492138e-04
4.195598330076864965e-04
2.973333464648435166e-04
3.719672192744073996e-04
4.657835559976951996e-04
1.725172266698021112e-04
3.715860571776199821e-04
2.966580660139720577e-04
1.738684278078864837e-04
4.643649461196623662e-04
1.753411521417238346e-04
4.659148135015967048e-04
3.722295671614483025e-04
4.012831438155733824e-04
4.665029599459194530e-04
1.739184479067079907e-04
4.008181761053963756e-04
3.715191903677437634e-04
2.642319115659478592e-04
4.963850296304090325e-04
5.018129956483509011e-04
9.652881907437905725e-04
4.962453329456463979e-04
2.640962148368382746e-04
9.737860702496000049e-04
4.318238637637704315e-04
