1.483281392182464378e-03
3.382537859176921471e-04
8.747860758821817328e-04
7.639172410749242624e-05
-2.973366104685161112e-04
1.172324496889529501e-03
1.428893864292783266e-04
8.246579667537524798e-04
-3.408798209950677604e-04
2.291085684617869228e-04
2.903799683959479099e-04
9.750784519856047286e-03
2.170693435106062631e-04
-4.403172452365376939e-04
9.992124631370679494e-03
-3.159473195842105110e-04
-9.646425072548684213e-03
1.677951939563315071e-04
2.074453468153169200e-04
-9.588385808702079962e-04
-2.797248863335741556e-04
-1.019272735242365488e-02
-8.978518203302804498e-04
2.152569080359231053e-04
2.304929061855320773e-04
7.629386566433373667e-04
-2.820755219545242648e-04
-1.648321484991849750e-03
7.126675473173244360e-04
1.214294698987709685e-04
-9.912624971281259068e-04
3.625514567761261653e-04
