9.801570736022123531e-02
5.159911637718247318e-02
4.282070254296813094e-02
2.660580226727396122e-02
4.254113125102987336e-02
9.809267461982702774e-02
2.650843659170062233e-02
4.287052510542947725e-02
3.109335779142788359e-02
3.693058265554147873e-02
4.581040180830364683e-02
1.657552672132385843e-02
3.685229594661094954e-02
3.102715809409711811e-02
1.670298538559257528e-02
4.563977176042956913e-02
1.678176617469393991e-02
4.662953997742473600e-02
3.688890161726841171e-02
3.922079246725362900e-02
4.643808734784050929e-02
1.673692550427518036e-02
3.916807359841708441e-02
3.682745225152909974e-02
2.653777788597964579e-02
4.967037909034921483e-02
5.033930970889451822e-02
9.773449234158423926e-02
4.958337384399299358e-02
2.654306432589292886e-02
9.882885217034453884e-02
4.411701238196680253e-02
