-6.877737047391454346e-04
1.035229281718134421e-03
7.525926038660156296e-04
5.949172187257089481e-06
3.025754097306617482e-04
-3.050818679896390552e-04
-2.810438602523240322e-05
6.620619862372558459e-04
1.803615049584781380e-04
-4.078667811089452667e-04
1.150236145805920922e-04
9.549382659246012303e-03
-2.528823289796676812e-04
1.337751380057242926e-04
1.017331362690469115e-02
-4.141920327716639848e-05
-9.878250642892440550e-03
4.948872931517748211e-05
-3.487000072623139789e-04
4.020660958089249169e-05
8.651098423952795975e-06
-9.950514141528171708e-03
-4.041157759104575674e-06
-3.805336681755142774e-04
6.446856926919027910e-05
-5.372698025343538104e-06
5.937664493351886520e-04
7.540299150686868672e-04
-5.830976981653172164e-05
3.113328220961138063e-05
3.035726162189722249e-04
8.385021162871787552e-04
