2.983310757723666123e-04
6.519414156736380453e-04
-6.215536216009899225e-04
1.746939180923952827e-04
1.461654359380517643e-04
9.935300926325295323e-04
1.201222608809295701e-04
-5.649738503788363309e-04
9.371193169767384062e-04
9.966840082296872364e-05
1.727822155846034597e-04
9.630863518829357872e-03
1.229652293688902540e-04
1.010470103914136268e-03
9.924636760129310759e-03
-1.437121724124208158e-04
-9.665280507421498968e-03
-2.926959131068980241e-04
1.260594189553950145e-04
8.266882919420316493e-04
2.412583633007283951e-04
-1.002298851177965688e-02
7.766237706847272390e-04
1.045663962557034086e-04
1.737685017059385740e-04
-9.112992992437791333e-04
2.426143667348481560e-04
-1.981823895917645914e-04
-9.341664192660894574e-04
1.796236512702118165e-04
-1.094268387236889493e-03
6.347669945943779264e-04
