9.837795817296247046e-04
5.209117481783464123e-04
4.282717477097940702e-04
2.652116438006270728e-04
4.288544697334025629e-04
9.712008905398738026e-04
2.659907677657796831e-04
4.281800425223390130e-04
3.023804990427236914e-04
3.750928925032559719e-04
4.690352396312371329e-04
1.679697340088604916e-04
3.748883596178051317e-04
3.026404540259981291e-04
1.648407752133933973e-04
4.689732238277046590e-04
1.672451913996314164e-04
4.676845679018476216e-04
3.756400430582341175e-04
3.895656725524250757e-04
4.669031694422413371e-04
1.656319098690176809e-04
3.883309127092265467e-04
3.755003031252760392e-04
2.660286942947653649e-04
4.870445846997877265e-04
5.063803367551206018e-04
9.819919046566906885e-04
4.867010382739533707e-04
2.653191324597686026e-04
9.729163296116108937e-04
4.446028894092912210e-04
