9.620505255858933765e-04
5.150283479050422886e-04
4.314840236072548679e-04
2.630632956304921038e-04
4.336739807426048376e-04
9.789357001137343525e-04
2.627477198743015233e-04
4.316280251537205049e-04
3.023318683432879832e-04
3.757950367045704296e-04
4.626777176799025284e-04
1.692909397824394774e-04
3.753314484100059192e-04
3.018678747400266034e-04
1.702201446481003619e-04
4.649063116038844160e-04
1.707145097402223955e-04
4.626949795663459915e-04
3.758107365057004163e-04
3.923900865113535844e-04
4.622334369539393847e-04
1.709532193837366286e-04
3.916321623806090068e-04
3.744165271752931934e-04
2.629502027293486839e-04
5.066096729178017630e-04
5.045268105072907728e-04
9.722246330355903583e-04
5.062598058935749695e-04
2.620675561333432038e-04
9.695174656027771799e-04
4.457827206008275252e-04
