9.701731402383797836e-04
5.114868103527549659e-04
4.243750204233834181e-04
2.662958843726639653e-04
4.312707203109172318e-04
9.618733809594651706e-04
2.652804692250715119e-04
4.235691161151579581e-04
2.966472972150602152e-04
3.737525983769380417e-04
4.723777477208390826e-04
1.715301253948534695e-04
3.733126568511991304e-04
2.957782631514020493e-04
1.710456269467420392e-04
4.708463144359098973e-04
1.710380963913580687e-04
4.709987428880545992e-04
3.733069173695597719e-04
4.011052968507174718e-04
4.703680840850874511e-04
1.711381898335156200e-04
4.011606400065827389e-04
3.731764448784370062e-04
2.646179072889906047e-04
5.003764761169936714e-04
5.040124124322686470e-04
9.648664158088120658e-04
4.999806996412115229e-04
2.651935462397027148e-04
9.615669556853635985e-04
4.388676210524681989e-04
