9.808836596050111208e-04
5.178418935923256817e-04
4.171804086982882254e-04
2.697884869379038706e-04
4.281939819912404369e-04
9.695930236718276665e-04
2.691258403570862142e-04
4.171128020209925063e-04
3.098681012686012879e-04
3.649784972652554086e-04
4.688002694083472587e-04
1.626802967030690225e-04
3.641184166890503154e-04
3.087038845480208913e-04
1.628679122596870870e-04
4.678775685179249093e-04
1.645834733234065577e-04
4.584640726118120778e-04
3.643878517617896054e-04
3.890892868794329300e-04
4.575498822040239915e-04
1.625990407307259544e-04
3.891290347545511732e-04
3.641501721953401688e-04
2.688372702923992087e-04
4.821389293804673984e-04
5.031370205877096690e-04
9.749169293321507728e-04
4.819668583767585746e-04
2.691276164906201366e-04
9.689299838127211689e-04
4.440800632348920036e-04
