8.057153168411601129e-04
4.686121412139384701e-04
2.324236693367530903e-04
-1.262560315846004055e-04
2.045165573438785598e-04
5.402040511996154771e-04
-9.689870962059494411e-05
2.183733384781321645e-04
-4.415808747595299593e-04
1.812198600952445520e-04
2.543529833391860182e-04
9.740686161572391019e-03
2.063957471672835608e-04
-4.794413769247500849e-04
9.858527696563736120e-03
-2.212901276217947143e-04
-9.569207532183555617e-03
-4.365927908069922340e-04
1.559803772418692878e-04
-3.912391768656126902e-04
5.720001545731301460e-04
-1.027027473028440524e-02
-4.161708849317365534e-04
1.778349189900706249e-04
1.388411528574889999e-05
6.984761521148728748e-05
8.568012685665386352e-05
-3.328831133638525028e-04
3.186469287660542021e-05
-2.437992077725982610e-05
-1.052266379403351887e-03
6.171434672714087508e-04
