9.789186614367821615e-02
5.123886327529371398e-02
4.319693527026111091e-02
2.632171464440020980e-02
4.308182150493257423e-02
9.616938079844346288e-02
2.630693927407672800e-02
4.309097725484101193e-02
3.077264451295120412e-02
3.661657675822417579e-02
4.666800778279079492e-02
1.647818711628079580e-02
3.660351567215754803e-02
3.073328558873362690e-02
1.633780291813761651e-02
4.662567026258876424e-02
1.670328982874320911e-02
4.709190731307449918e-02
3.660301493205261186e-02
3.937442582403603841e-02
4.696567379280986582e-02
1.644108865655850155e-02
3.932222554944218851e-02
3.666667945401005241e-02
2.630122282830802544e-02
4.913647337083897060e-02
5.000724967909186969e-02
9.748801742509746737e-02
4.917009124849110180e-02
2.629861285155490544e-02
9.703389741724069428e-02
4.462148920153559406e-02
