9.775607471641204350e-04
5.110484638126204212e-04
4.269852572387203477e-04
2.620448770048198540e-04
4.248591637867747033e-04
9.669469930732279206e-04
2.623924933506996664e-04
4.266131144320231593e-04
3.067947501853581058e-04
3.753890007822401108e-04
4.634107714613904666e-04
1.685945774080726818e-04
3.751733198551542112e-04
3.070431460255974377e-04
1.657778699558735698e-04
4.602594918916840406e-04
1.694335575789598935e-04
4.645574153817417433e-04
3.757644020617516788e-04
3.848402124616748894e-04
4.621329917639030709e-04
1.674177096304585075e-04
3.838214618772715740e-04
3.756762422747925937e-04
2.626889833822570433e-04
4.941074106541220668e-04
4.979572846736863602e-04
9.774508691477454617e-04
4.938744465223475748e-04
2.615828342068462369e-04
9.638625966907069442e-04
4.389648594845728890e-04
