9.750834040418436544e-02
5.073950068254170359e-02
4.113659691007013480e-02
2.649653830998176599e-02
4.249726050277871647e-02
9.656736456650930056e-02
2.648566769488410952e-02
4.101270896804289079e-02
2.926470672982420251e-02
3.699662254874928197e-02
4.687148460813499173e-02
1.727725013879813712e-02
3.691903414885955997e-02
2.913766328582134343e-02
1.716984479355927393e-02
4.679670336529629521e-02
1.720121475439184353e-02
4.745014856298708505e-02
3.688621623478972877e-02
4.019297892625663809e-02
4.737428182873835297e-02
1.739442083340425604e-02
4.015938637176627579e-02
3.688145494505046251e-02
2.640378226786655250e-02
5.001121380396672533e-02
5.014268956258528115e-02
9.731182247068909108e-02
5.011793660706956310e-02
2.638119776106555292e-02
9.761727159257088671e-02
4.305996521357443457e-02
