9.769910590868539912e-02
5.212018414329374488e-02
4.181899164091162219e-02
2.733021770087319322e-02
4.279863927409512797e-02
9.784703781368460362e-02
2.718657411042140273e-02
4.171751875874072507e-02
3.173257382666693632e-02
3.624317645509878005e-02
4.686012447964789385e-02
1.635231070083312255e-02
3.621212222998172747e-02
3.176289128341563961e-02
1.628503355751010490e-02
4.677777325909363709e-02
1.644470909755682900e-02
4.624114981492691290e-02
3.617695909874880933e-02
3.946420841860903000e-02
4.613772040486540521e-02
1.633294949032271237e-02
3.946750991849164864e-02
3.618577358915245346e-02
2.720028452147023323e-02
4.798644669841084509e-02
5.069738016523336888e-02
9.718976517893523903e-02
4.794461910369871016e-02
2.711394869980725958e-02
9.791253280632941647e-02
4.444137064670585641e-02
