9.676837611205167623e-04
5.085115373670755440e-04
4.315753037238353215e-04
2.604080269267382958e-04
4.237639740305301837e-04
9.674255180700036191e-04
2.611878511394824802e-04
4.308493457498660962e-04
3.020069348425334166e-04
3.734933322103275760e-04
4.615638685818501739e-04
1.659431111338075535e-04
3.730687651838818057e-04
3.012173554004282162e-04
1.669044906190795424e-04
4.607727168356502180e-04
1.674964415981962395e-04
4.645365274312700851e-04
3.730595132068454767e-04
3.922394111154246994e-04
4.628409668102360431e-04
1.670850776431654467e-04
3.911324824268927404e-04
3.734980723017481330e-04
2.605102382685558571e-04
4.935564594200798081e-04
4.967211910784724788e-04
9.670438922759726219e-04
4.937960301927691968e-04
2.603329379824358635e-04
9.697416708002696987e-04
4.366839724594970902e-04
