9.738455127503629861e-04
5.067594202723428240e-04
4.191167173661277398e-04
2.647486307940065267e-04
4.315699598222278019e-04
9.791873059478003669e-04
2.647936940070184497e-04
4.185426562040531640e-04
2.942092586629993056e-04
3.592800411512860623e-04
4.697473156364914042e-04
1.690038266099541046e-04
3.586635343593510433e-04
2.934579504485329798e-04
1.698740465674045889e-04
4.696569431323822951e-04
1.691601900112947978e-04
4.730749218545061735e-04
3.593555782076532563e-04
4.042961701928908741e-04
4.724917194243294220e-04
1.700080756648742982e-04
4.034866480679088455e-04
3.584544825423616123e-04
2.646824240138020133e-04
5.053075016265383542e-04
5.027963425408601668e-04
9.759342464838679544e-04
5.047911338906759839e-04
2.640941866602898006e-04
9.787939531968729324e-04
4.350365360205470946e-04
