9.578615807202950361e-02
5.111909878290741421e-02
4.112620729903809780e-02
2.665550253819764723e-02
4.298425961804698547e-02
9.683714542682603232e-02
2.664521662909943162e-02
4.115910565494382278e-02
2.915580389860026114e-02
3.669362255498474085e-02
4.690716021536798369e-02
1.719132981167820207e-02
3.661861402403828597e-02
2.906778396092212641e-02
1.713313766530477622e-02
4.689756046755913510e-02
1.713899406702819317e-02
4.626040189219747523e-02
3.666200580143567922e-02
4.031966934170022610e-02
4.625079553161725449e-02
1.726140505754578461e-02
4.029542678510978498e-02
3.659679495668528154e-02
2.658632999912092718e-02
5.007472098359329327e-02
5.070723331963543357e-02
9.666062127432946405e-02
5.009231939501278263e-02
2.661409180426443921e-02
9.582491855976295325e-02
4.341027965646700876e-02
