1.041727972633395803e-03
-1.869167206799954956e-04
-3.189502638267810875e-04
2.554135830181463633e-04
-4.796670826862293102e-04
8.614383855863655317e-04
1.564514243682609332e-04
-4.456032913854786077e-04
-1.142617180594835324e-04
2.377915050817587799e-04
-3.072379269769692778e-04
9.830232246498329940e-03
2.531810976244914992e-04
-1.330714588720491504e-04
9.948921061838689878e-03
3.801743981422491458e-04
-9.494592683434412844e-03
-2.958731634672500353e-04
2.898884503690487223e-04
7.403654390731492481e-04
3.259601630281664633e-04
-1.027546144227424983e-02
7.512895251272523741e-04
2.361517118822721887e-04
1.763550837892942434e-04
2.614717084555929008e-04
-5.746548536621858255e-04
-1.086841770198789144e-03
2.209115406204997692e-04
2.606234768541901151e-04
-8.194333604318858886e-04
-1.111540605547882684e-05
