9.730521489930971102e-02
5.158076102041045385e-02
4.334956452647549530e-02
2.653588079156403087e-02
4.335232475011246978e-02
9.721947924021041854e-02
2.658275378355850690e-02
4.320254955137651370e-02
3.030912664885868774e-02
3.741735070565356536e-02
4.681644189525799998e-02
1.669036185861837163e-02
3.731653430635293450e-02
3.034308392319619296e-02
1.650381472050644477e-02
4.678150009858406122e-02
1.658100011566941007e-02
4.661150946926721078e-02
3.726339864132766772e-02
3.934815333466398085e-02
4.645163775567000969e-02
1.673994647703094113e-02
3.928019522895549731e-02
3.732024604546934493e-02
2.649318269350160043e-02
4.958932230342445041e-02
5.030461277963316907e-02
9.691413891980789341e-02
4.967873171742769739e-02
2.640398297470573225e-02
9.774386593241789212e-02
4.481127060332010248e-02
