1.178642861686873908e-03
2.895836118887521729e-04
2.311078922517985769e-04
-1.512285059233366678e-04
-1.540927092644127599e-04
4.608259475638060046e-04
-1.700685426026957376e-04
2.313626985683749516e-04
-3.309532581886460685e-04
-1.669605160744264257e-04
-7.223871321482594650e-04
9.615104943140214550e-03
-1.252715780712741040e-04
-3.463526421396175415e-04
9.885364068239895288e-03
7.453306963948524771e-04
-9.452902569076899325e-03
1.665045602623552710e-04
-1.597477898283033873e-04
-1.013179286486398173e-04
-1.449610941325273040e-04
-1.000364386212543831e-02
-1.288941830723038472e-04
-1.503087590983434672e-04
-1.560907303918466723e-04
6.765966049357647954e-04
-2.386175024136888474e-05
-1.050011821470185928e-03
6.489234825323411584e-04
-1.798354543095586028e-04
-5.415978921291100595e-04
1.627202759526949266e-04
