9.669738143783049300e-02
5.035662716109391701e-02
4.222213237718260709e-02
2.615065171218795836e-02
4.248109521493539237e-02
9.656153856255954293e-02
2.613735218648536793e-02
4.218832743767955695e-02
2.955765526965623696e-02
3.759312669573360716e-02
4.711456461448854105e-02
1.694779138985169978e-02
3.761404185678096646e-02
2.944778639236527232e-02
1.699994626045382359e-02
4.700902821819195887e-02
1.716313449662811366e-02
4.671403337916847642e-02
3.762351995651861541e-02
3.997022876590101276e-02
4.663627314085686676e-02
1.704084637615110517e-02
3.994286799707524871e-02
3.754999636121412326e-02
2.607553269186524067e-02
4.972256850077783064e-02
4.965745660720792543e-02
9.661843686458747305e-02
4.972758357334607776e-02
2.609096307018758665e-02
9.636070965283050072e-02
4.327526191886438278e-02
