9.731362541857647985e-02
5.101422432029933951e-02
4.183534723284122736e-02
2.693600381805302812e-02
4.261977376118194355e-02
9.774911882721311340e-02
2.698082413093694232e-02
4.178327467691316660e-02
2.941386258659241942e-02
3.649132660720932897e-02
4.703367321308205007e-02
1.691595648600548868e-02
3.643406259632758076e-02
2.941629800296838987e-02
1.708776875185053293e-02
4.709840916817971401e-02
1.718966438750253733e-02
4.718867019152601233e-02
3.643481881453473209e-02
4.095082584068919507e-02
4.714862488482796793e-02
1.702356147700003278e-02
4.084580886152665985e-02
3.642061528656751618e-02
2.687536896523422605e-02
5.048130547494915354e-02
5.061623862588692652e-02
9.691209389669205865e-02
5.037201975900983120e-02
2.677693708202442263e-02
9.753592209479060304e-02
4.294758179942221449e-02
