9.607338832038800043e-04
5.140333368044809007e-04
4.339048488741276588e-04
2.620877726955817130e-04
4.265240550416656267e-04
9.789324218926508721e-04
2.621038204815213956e-04
4.330687928866544393e-04
3.025133656465640473e-04
3.719345837721412841e-04
4.658033524127031173e-04
1.676599755169994434e-04
3.710096827998087704e-04
3.022862432940165238e-04
1.675188076007107165e-04
4.646419126255937069e-04
1.676385417896099036e-04
4.638601483828465582e-04
3.706986605968256481e-04
3.900534525921238406e-04
4.620419212859224454e-04
1.679458057732795262e-04
3.893614182082230581e-04
3.704158385720941120e-04
2.614974703077805338e-04
4.951584989187442004e-04
5.031490608589192937e-04
9.810081761423416081e-04
4.951900701419042821e-04
2.611188829158388180e-04
9.645888412866498833e-04
4.401839179966302875e-04
