9.718588355104574011e-04
5.122231802141256505e-04
4.336203662416775683e-04
2.613217539017559246e-04
4.284989130421677263e-04
9.684998897802387990e-04
2.609305126640796288e-04
4.331155554123712354e-04
3.000745861333964848e-04
3.771809033860172686e-04
4.679189042260541685e-04
1.693116497540880501e-04
3.768093618004254787e-04
2.998630108860204772e-04
1.673655290500188758e-04
4.680974434304015024e-04
1.697695570442816126e-04
4.655434858844274847e-04
3.766429439545546619e-04
3.949980503931208573e-04
4.653276341474900249e-04
1.697251657790529392e-04
3.941310588110571371e-04
3.766278786706016486e-04
2.600579264803630302e-04
5.045798786534389695e-04
5.029377778474873346e-04
9.770199426697503964e-04
5.038733427952287857e-04
2.596948147822683312e-04
9.672905928092682439e-04
4.398573076209717596e-04
