9.750686125082785871e-02
5.190341016467981544e-02
4.271451196708579701e-02
2.625024361052811714e-02
4.332485381871527957e-02
9.778991621182234195e-02
2.621112050705376798e-02
4.263598290759949838e-02
3.084129112360619110e-02
3.743237346258818793e-02
4.609368186579095028e-02
1.682017367801962732e-02
3.741931675708496524e-02
3.077526016082262131e-02
1.664825634537424673e-02
4.617058883362098326e-02
1.669682541101462706e-02
4.663237451229061692e-02
3.738130701866339972e-02
3.887170474948612592e-02
4.665257048063521650e-02
1.673164364253688571e-02
3.880198911974239162e-02
3.744183536046595540e-02
2.614981978406999766e-02
4.926933366214197862e-02
5.061527764491625947e-02
9.697157641324885557e-02
4.923606843353538209e-02
2.613343139177775817e-02
9.802977666882735364e-02
4.492769982540208845e-02
