9.568100264429048318e-02
5.100782361797730896e-02
4.241350352685377412e-02
2.646213363486580109e-02
4.283714715809464058e-02
9.651170384637575150e-02
2.634715526390817714e-02
4.227601817337134360e-02
2.941421119644555687e-02
3.786667144646527899e-02
4.697337147096896509e-02
1.701576168985840382e-02
3.779223384180167150e-02
2.937257811062706989e-02
1.710677871725270471e-02
4.686930416884718675e-02
1.715762287731471825e-02
4.681685647093583591e-02
3.778285776835377946e-02
3.933965073215696384e-02
4.674671221305338326e-02
1.701047235777400704e-02
3.933534470455036375e-02
3.785121483902603029e-02
2.627843843461863046e-02
4.961421102643646247e-02
5.021073446248389832e-02
9.616094811033309986e-02
4.959122308548463698e-02
2.621226458550107372e-02
9.645291279938987550e-02
4.378206361253747514e-02
