9.774550586416929678e-04
5.055488449864170781e-04
4.111027876693542694e-04
2.647722729863235202e-04
4.253161904209918731e-04
9.695863361708817506e-04
2.645223897896569853e-04
4.114979250763233583e-04
2.951608832882862492e-04
3.652762279661650327e-04
4.701477270539534698e-04
1.724035752995927502e-04
3.642137295052354120e-04
2.948382036418571326e-04
1.726303437104293728e-04
4.672155728175134658e-04
1.735915221156883426e-04
4.694964259997634788e-04
3.648426249410138020e-04
4.037744787908310114e-04
4.682451708385603124e-04
1.729459546934333358e-04
4.028815997047083177e-04
3.643500760295013724e-04
2.640042444093535705e-04
4.969986101007548701e-04
5.014704121289213301e-04
9.704873296474839182e-04
4.970006935918303915e-04
2.643244705584220063e-04
9.757945061428186179e-04
4.308330720194745176e-04
