9.654879152756221106e-02
4.997994095411079085e-02
4.123766420961098855e-02
2.679935493253868609e-02
4.233735189831461243e-02
9.675586810354783185e-02
2.678125906747708465e-02
4.115214674427557923e-02
2.854467619547455121e-02
3.661842600813326742e-02
4.705143114551196826e-02
1.700917560411821169e-02
3.660016736541216870e-02
2.847716881212501022e-02
1.713025008052537421e-02
4.687388670946725233e-02
1.692321182985353362e-02
4.640691867494675660e-02
3.663113536630970696e-02
3.977313414626103966e-02
4.632078000380578792e-02
1.716802890813904151e-02
3.974067920841026225e-02
3.655092621588629936e-02
2.673100459499708551e-02
4.967435524562142241e-02
4.956252970258036294e-02
9.604058869222804884e-02
4.971204768858071554e-02
2.669568018879467722e-02
9.644037536528755894e-02
4.279546710520910208e-02
