9.718961046356347500e-02
5.151270666782489099e-02
4.286192225477646750e-02
2.676506077722653337e-02
4.286792889595414380e-02
9.620964884901878067e-02
2.665559181606608208e-02
4.284062428526749788e-02
3.093846422261461657e-02
3.696284645703861588e-02
4.694215004458170831e-02
1.669662544874514834e-02
3.693397396579720798e-02
3.084495444496398661e-02
1.638491696050019611e-02
4.675538460835962362e-02
1.639989952105262369e-02
4.692476092798229109e-02
3.693376168555029260e-02
3.948744312894907071e-02
4.687739488879143906e-02
1.665664807185859506e-02
3.946849870502956714e-02
3.685954915918806390e-02
2.669044978528097023e-02
4.905624958937827157e-02
4.995916140894345048e-02
9.708257257792274331e-02
4.905608150793733940e-02
2.671593908155918753e-02
9.607141174327464561e-02
4.458869253513311065e-02
