9.744452781703284586e-04
5.101206896768415442e-04
4.173400966785962662e-04
2.686391925027665898e-04
4.287230694549094292e-04
9.683925669720995803e-04
2.683256430144780654e-04
4.164578633046517927e-04
2.890473592750786129e-04
3.754560936170044799e-04
4.725079057396324323e-04
1.704322618499129385e-04
3.750749084506904674e-04
2.883301222002345224e-04
1.710592712649977587e-04
4.716782900296783397e-04
1.714326897585525286e-04
4.635516806538834966e-04
3.744945757851504708e-04
4.024371305948749845e-04
4.628364841736034977e-04
1.727974880084827782e-04
4.021801708206936650e-04
3.741122635477973674e-04
2.674229718634506801e-04
4.993223696970324962e-04
5.053357344712395638e-04
9.612961790909159724e-04
4.988577025373138168e-04
2.669970103804682865e-04
9.773456703414953265e-04
4.341327542727160598e-04
