-1.632188112120711281e-03
9.233460898711944899e-04
8.713492512496673949e-08
5.734664402847266607e-04
4.954739431932046008e-04
-1.664223189061206191e-03
5.291103503871993517e-04
1.191050900313901111e-05
4.630856883354800475e-04
7.655465634214375214e-04
-3.764071156090916795e-04
9.337382952909957512e-03
8.122342324375318983e-04
4.302268766514601075e-04
1.012761140114114278e-02
1.917280692123455492e-04
-9.722487464781923161e-03
-2.720798293485781976e-04
7.995973254363421354e-04
1.829778634811135628e-04
1.918505263095747536e-04
-9.742583936487369395e-03
2.270871538602075906e-04
7.087436284218308086e-04
5.442657440460185302e-04
-1.688611180959094570e-04
4.638359684772221450e-04
1.850185113107237402e-03
-1.568239216138604219e-04
5.692046257219478007e-04
1.465027710192648869e-03
9.029699040571223436e-04
