9.881340021261847493e-04
5.258033063905095689e-04
4.031313060052262986e-04
2.860094680175674555e-04
4.262987639665791022e-04
9.711552115986988708e-04
2.854969727912308615e-04
4.023300868442388368e-04
3.428184550566440014e-04
3.429943324948081648e-04
4.600377071629995450e-04
1.548070746019425674e-04
3.436859609377820781e-04
3.410123572039360472e-04
1.522034061236028526e-04
4.587719823358330819e-04
1.545956443114269042e-04
4.570074038240434290e-04
3.436436273761581074e-04
4.131593980127617116e-04
4.553712852850912195e-04
1.542955130824413194e-04
4.134602989324022578e-04
3.429023468876917662e-04
2.855594373108616304e-04
4.603726356810042167e-04
5.102600117176286140e-04
9.790243235677639419e-04
4.600056780751295583e-04
2.856687429911906970e-04
9.761956061852522905e-04
4.448271337244128518e-04
