9.553671140091807290e-02
5.175750160054771315e-02
4.285768422064406558e-02
2.611086228994263445e-02
4.315842990294035258e-02
9.715146210159564255e-02
2.607560490837388528e-02
4.286230842521557283e-02
3.001396847721813504e-02
3.795507580983065177e-02
4.643036582986096589e-02
1.671384869376434795e-02
3.784551915315872289e-02
2.993183220840992670e-02
1.693372682990519282e-02
4.639965686095987030e-02
1.681017692845225564e-02
4.633267567020712963e-02
3.791754355053541387e-02
3.922401351141444753e-02
4.619912554746179179e-02
1.705148522115878737e-02
3.915270123420342557e-02
3.784721271128106690e-02
2.610370926071793260e-02
4.953811562674754337e-02
5.056167733302976974e-02
9.583587945113310191e-02
4.950515292452355165e-02
2.604286027039494703e-02
9.637847374550712054e-02
4.445667983839306225e-02
