9.628822693647935737e-04
5.064371252450698387e-04
4.167773330894269826e-04
2.663903582957463461e-04
4.314717327221980771e-04
9.801220269468878012e-04
2.662621733049317318e-04
4.165215593295577595e-04
2.911904966407072737e-04
3.664465047828439773e-04
4.704223765022815711e-04
1.714747559734949498e-04
3.663282952602114830e-04
2.902626088737698777e-04
1.707384655799658064e-04
4.687494145659625803e-04
1.720265559295237792e-04
4.710900506017132671e-04
3.660225714399252994e-04
4.022266455960531737e-04
4.701405095906894920e-04
1.715361110160199096e-04
4.017302771359054694e-04
3.649945979749440791e-04
2.662141189778001286e-04
4.992504458622716015e-04
5.015460472359388596e-04
9.698668242290742073e-04
4.988534712221950017e-04
2.656520518040632198e-04
9.713402422734482723e-04
4.350054390058254801e-04
