9.646616008567191012e-04
5.065747696790995130e-04
4.348095844088755444e-04
2.657265720555268464e-04
4.243240379310609734e-04
9.692429407729467828e-04
2.653419136237392638e-04
4.345107695946687936e-04
3.006784742511515573e-04
3.761664135821957155e-04
4.697429340564464903e-04
1.700057042295565965e-04
3.763057427151006939e-04
2.990160442678149299e-04
1.709826695130793324e-04
4.682890027716068255e-04
1.719653224676335665e-04
4.701056743015712982e-04
3.758576495124742981e-04
4.033905759746292635e-04
4.678539596834173234e-04
1.707801997856654296e-04
4.037210994677493101e-04
3.751092426604606708e-04
2.635719583990477196e-04
5.027466913977108806e-04
4.980698993393701916e-04
9.667396421838656429e-04
5.026227191354739211e-04
2.641337409159631852e-04
9.684221534538402709e-04
4.346284005797242849e-04
