-1.550620222685086900e-03
2.993372649103198603e-04
-6.597347131369029737e-04
-4.294444438738574324e-05
-2.293611073908414469e-04
-1.851602241943643874e-03
4.921214004321093222e-06
-6.125493801070482601e-04
2.099110028465261729e-04
4.566691606968526358e-05
-5.225145964607230079e-04
9.514715823427440794e-03
7.259405563409820233e-05
2.369579267789369747e-04
1.009932150292144892e-02
5.707379348187262063e-04
-9.709797026985015830e-03
-5.199115348551137201e-04
5.545363175946019485e-05
9.040492255305656623e-04
6.165291237156646578e-04
-9.979967056989124535e-03
9.356141194340370729e-04
8.887607294480176360e-05
-2.593877775465715032e-05
-4.550415053988318844e-04
-2.846035787493109799e-04
1.789689298293524987e-03
-4.933880125890902383e-04
-2.926957392491443131e-06
1.666442725749365953e-03
4.175399506865662825e-04
