9.715928030863928144e-02
5.272452911881653909e-02
4.049058476974484733e-02
2.896779410755829717e-02
4.297411480864179317e-02
9.882946765356218077e-02
2.885238969798650799e-02
4.038796983556054709e-02
3.445941482012340046e-02
3.468383505557947472e-02
4.597438090576010800e-02
1.578359994680766237e-02
3.465671539167927001e-02
3.435829950646832054e-02
1.553513473204693775e-02
4.595808117310251628e-02
1.558963405406702495e-02
4.605553550337943697e-02
3.469028728399141392e-02
4.213021551824705502e-02
4.591620464572425397e-02
1.579238874711686239e-02
4.213334220875159658e-02
3.467053564826977352e-02
2.889971944798665551e-02
4.672797845121855198e-02
5.135039225410573116e-02
9.822503057404657900e-02
4.671016535377457007e-02
2.884150518569816510e-02
9.783096627380594157e-02
4.463521544104922384e-02
