4.743158312767795635e-04
7.399607089229884110e-05
-3.267153231765172771e-04
-1.242397200018437371e-04
-4.845786954133491872e-04
-1.908725668809705756e-03
-1.282624622619104443e-04
-2.925468068304105614e-04
2.199547238100576412e-04
4.441689261129168169e-04
-6.312347938825258473e-04
9.446492624058229481e-03
5.864699964690744081e-04
2.459737005142488466e-04
1.001522043245143927e-02
5.263149384875725426e-04
-9.772903403661891558e-03
-2.524013644562349580e-05
5.495405154478653258e-04
-2.877415408426160234e-06
-1.145542928420897782e-05
-1.008694915336093290e-02
1.069173607267106952e-05
5.415496714799201711e-04
-8.682922990804902460e-05
-6.881432485696288570e-04
-4.837568057950610554e-04
7.025694682359875281e-04
-6.698335575533113494e-04
-4.814581528684863264e-05
8.609982408475742779e-04
1.332847036274234769e-04
