1.926332641477793573e-04
2.762166734546502001e-04
-4.468043961502211610e-04
5.206332651273257476e-05
-8.583877117984497237e-05
1.064012257629110567e-03
1.115715597385629469e-04
-4.167070811432220176e-04
5.328435687252836310e-04
-1.563595684716868092e-04
3.143439877320880374e-04
9.847380642741701204e-03
-2.381652371533404843e-04
4.604752065366401787e-04
9.774008042539883770e-03
-3.582260673289450539e-04
-9.193514972589229492e-03
5.093553640612573418e-04
-2.989469443253948652e-04
5.947581519008929328e-04
-5.726836071789411777e-04
-1.020625054414036649e-02
6.372119866713507911e-04
-2.434615215389592825e-04
9.256332076842332609e-05
-1.029800002741280279e-03
-1.257514550413264061e-04
-1.093166721796578252e-03
-1.033351039701797033e-03
1.030993726987249737e-04
-1.551759643504450024e-04
3.856267632905776318e-04
