9.628799261237612483e-02
5.048999469491163850e-02
4.279069257606137738e-02
2.569658059131179131e-02
4.264491865714182400e-02
9.699396430995090024e-02
2.568961111554745810e-02
4.275165262262380084e-02
2.982273155830908462e-02
3.792758244063518941e-02
4.633100478030525299e-02
1.696121710134484289e-02
3.786554533949006152e-02
2.979498046362871050e-02
1.706648019808105696e-02
4.618172787870215151e-02
1.704129328761271392e-02
4.649658649082380468e-02
3.779899379518344982e-02
3.938751158924880952e-02
4.649726695392403242e-02
1.714230105163540990e-02
3.932499744911906181e-02
3.785192765447077667e-02
2.560456166938556224e-02
4.961520289841365311e-02
4.945530424014652621e-02
9.649330189229800292e-02
4.957727602009474877e-02
2.557329391003533917e-02
9.643186438243915581e-02
4.380756403665739956e-02
