9.746855232419254778e-02
5.160261399002380456e-02
4.267902952999748367e-02
2.655446042553637545e-02
4.242376934399430533e-02
9.857528718702840420e-02
2.660610216556411403e-02
4.268524976871028442e-02
3.107233595389610747e-02
3.654865454783628315e-02
4.635265204532276750e-02
1.674346105042068267e-02
3.649227391183135216e-02
3.106313079592264506e-02
1.655421552765043783e-02
4.617607990150440073e-02
1.664710640853168250e-02
4.643359434643004602e-02
3.657250232078219226e-02
3.943552106904693599e-02
4.619818228831724244e-02
1.662274055884079699e-02
3.935750282061504374e-02
3.652070849311910700e-02
2.660977240152982010e-02
4.886600419636099452e-02
5.022781655888390595e-02
9.811723282074798214e-02
4.885736513073220266e-02
2.647848229181698834e-02
9.812472106670157290e-02
4.419409450557861690e-02
