9.713342298243850216e-04
5.227882915369764681e-04
4.295588636130113136e-04
2.626749905862117576e-04
4.320309300752531645e-04
9.654912652876336196e-04
2.627846840494197657e-04
4.288816424276519173e-04
2.993492849459143809e-04
3.850431188298613760e-04
4.656028757103264836e-04
1.687820765180343924e-04
3.835206478411664417e-04
2.996964371989113631e-04
1.694568519128801770e-04
4.644396672572118079e-04
1.700989929264151983e-04
4.685023480792521971e-04
3.826600903722580699e-04
3.906991692627198825e-04
4.670291137033679460e-04
1.698833737082447557e-04
3.897714647745849944e-04
3.830524492686743373e-04
2.615205481679835019e-04
4.965052830759981387e-04
5.111966269344206133e-04
9.636592309038265062e-04
4.969330056926169175e-04
2.609115934698935722e-04
9.691808254584544525e-04
4.444823977853622709e-04
