1.430206040219432657e-03
-3.984516142243272946e-04
1.352574428479582141e-05
1.854242330428475033e-04
-7.326445080402851483e-04
-2.450433941688497596e-04
1.705740052869014745e-04
-2.439100874375782426e-05
2.465585888988273467e-04
2.087175366429644960e-04
-4.489940074258176963e-05
9.573357127965186411e-03
2.121774519860081352e-04
2.160194084542788019e-04
9.908414726218518417e-03
-4.902031756770545100e-05
-9.465308383347508653e-03
-1.215500856114270188e-04
2.368320285562820662e-04
4.858676215689834189e-04
6.114710269689278106e-05
-9.875011236466417139e-03
5.487435468017426389e-04
2.375776333758206147e-04
2.131910989350114139e-04
-2.538151745867874725e-04
-7.392208231343085035e-04
-4.347777528429278785e-04
-2.699950001584945614e-04
2.052162016050424560e-04
-7.661307037177888602e-04
-3.801696813929655687e-04
