9.841471277351335548e-04
5.196066059249270256e-04
4.293946717469537865e-04
2.635442141920865894e-04
4.351105433031580505e-04
9.659367185353647011e-04
2.632293991746772230e-04
4.277604699118889796e-04
2.976754290646889552e-04
3.736049918202581752e-04
4.625230541025576150e-04
1.706954109010652395e-04
3.733942072391190775e-04
2.968830798659098484e-04
1.679799015443223084e-04
4.602765862129522809e-04
1.695722885525972304e-04
4.670845045078707443e-04
3.734820886201186351e-04
3.891222582573367864e-04
4.651694386726723291e-04
1.713293181454006344e-04
3.887179461684960491e-04
3.736537651739255182e-04
2.622772964428327883e-04
4.934831608481543130e-04
5.065302105449096762e-04
9.764669405936534730e-04
4.933381851796360146e-04
2.620559893221311863e-04
9.740461278677067705e-04
4.497777183690889868e-04
