9.885335894094643416e-02
5.214717685885433829e-02
4.085261424836360289e-02
2.827311656359199343e-02
4.272094846839984139e-02
9.781016485779403524e-02
2.829807984613516569e-02
4.076476086441529340e-02
3.270362708418660114e-02
3.581055829226068715e-02
4.622043727643055516e-02
1.610702449676713194e-02
3.572289445742311137e-02
3.267009142418175749e-02
1.601783634756343694e-02
4.612315763136827507e-02
1.607502613053104698e-02
4.564161853460426549e-02
3.575876080300377513e-02
4.023980219150467830e-02
4.542535679639327084e-02
1.587395546631922144e-02
4.019361603547039197e-02
3.578119467411081805e-02
2.833187416111446200e-02
4.727407906411328076e-02
5.069089476377087317e-02
9.842567328554843731e-02
4.731002610152787446e-02
2.824726184970657167e-02
9.778920130677135059e-02
4.428449556002368032e-02
