1.081775223378504675e-04
4.932209748747575775e-04
3.614390929911019944e-05
-5.172428103572739244e-05
4.204328021730281597e-05
-9.728965535199581168e-05
4.277723800630683616e-05
2.288543853870368461e-05
-9.004945336539778614e-05
1.191691738436206075e-04
2.332133740010729412e-04
9.686761768138865344e-03
4.915522362855018651e-05
-1.245101643858356852e-04
9.838807743843470954e-03
-1.734124457937536226e-04
-9.460070856882685578e-03
5.395770264767050118e-04
5.672648055809858251e-05
-8.848777237243157789e-05
-5.077270531848214821e-04
-1.008833465639073085e-02
-1.120741505882651493e-04
1.063314177313012869e-04
6.209793936069803069e-05
2.326819226128877711e-04
3.162986305347230122e-05
-8.414478590235317194e-04
2.405878582409010417e-04
-3.267842303427123592e-05
7.770118865061039631e-04
5.910899051386782474e-04
