9.716465533877364060e-04
5.202066383685088240e-04
4.046368946101637737e-04
2.909625748997046344e-04
4.237197921638914222e-04
9.663951740557275060e-04
2.904131337810266205e-04
4.031940684081576675e-04
3.443921699417431376e-04
3.393716258936494497e-04
4.595010529195125396e-04
1.561021724942308442e-04
3.402253992072735100e-04
3.443745407937190981e-04
1.556522343502274221e-04
4.578820870082698970e-04
1.570835258986149393e-04
4.552888743541915698e-04
3.396784146017954370e-04
4.160792288375283793e-04
4.552351573300309081e-04
1.561366555923372507e-04
4.154143568410085825e-04
3.395110506137132217e-04
2.901401591341032848e-04
4.637225665435163813e-04
5.055210815776521724e-04
9.659560302815987541e-04
4.634177700652180655e-04
2.891199217237772263e-04
9.702180585396810372e-04
4.416117538079847391e-04
