5.611712873831290783e-04
2.991090927617635876e-04
3.069152088621097886e-04
1.764860493278427042e-04
2.977937493760835115e-04
6.637970404972345136e-04
1.777136446411408397e-04
3.025115852595217721e-04
1.987096797224345449e-04
2.609818800132589060e-04
3.114099082073071159e-04
1.376162889566196639e-04
2.536897206920688788e-04
1.979254601417962476e-04
1.101095910682132122e-04
3.063535669126663734e-04
1.210526792352115930e-04
3.956609764426731804e-04
2.726192787813791528e-04
2.632437372806026451e-04
3.874111120913369664e-04
1.161547657017067918e-04
2.694055728627282420e-04
2.557796704792253406e-04
1.778626862618571140e-04
3.495896083975538293e-04
3.166645508718608521e-04
5.586733014309666493e-04
3.521568791941695692e-04
1.815430448399728736e-04
6.802158710431155299e-04
2.980885645768300662e-04
