9.615463705022621321e-02
5.165260430598592883e-02
4.367426938859934882e-02
2.617995520257741793e-02
4.289739996592489141e-02
9.728868050571394532e-02
2.618756877925685136e-02
4.366123220475279926e-02
3.018687246234412480e-02
3.719047009322764413e-02
4.632811419831776162e-02
1.681494527437361886e-02
3.721464110984153834e-02
3.021508330870445111e-02
1.676429594246080235e-02
4.630761976813475844e-02
1.685863448533439501e-02
4.683026789018541330e-02
3.716166501002991090e-02
3.922577901902122438e-02
4.684892773122958931e-02
1.703821282090867834e-02
3.917488162307401767e-02
3.711550583918899610e-02
2.617786022384102976e-02
5.028131605489915418e-02
5.024733558514968973e-02
9.679462507875841171e-02
5.022644242669199732e-02
2.608440568491690592e-02
9.700727261017180747e-02
4.442732111419549906e-02
