-1.552698878122517551e-03
2.825386832251803541e-04
-8.049471384109874541e-05
-2.111706798239339894e-04
-4.564414582565983337e-04
-1.104974760520393293e-03
-2.483320999619663101e-04
-1.154352200022518171e-04
-1.534106995286454685e-04
-7.076827447723124578e-04
4.420908200227981633e-04
9.803882427187552567e-03
-6.485215266633236227e-04
-1.436612132057797783e-04
9.847446162304544087e-03
-4.453265921321318045e-04
-9.495665615314974675e-03
5.581582878943861783e-04
-6.536300531101962418e-04
8.806258414936306148e-05
-5.416965328332429535e-04
-1.015417681016664471e-02
1.104543742513788531e-04
-6.524118603773639566e-04
-1.523178183833463458e-04
4.411733535532010378e-04
-3.469710354360364926e-04
1.039444093565439079e-03
4.817647813237609837e-04
-1.588512993049097692e-04
1.606343212222853317e-03
6.970798140455266505e-05
