9.727033725685892617e-04
5.086433308900199486e-04
4.123815358742032142e-04
2.675070415585677837e-04
4.296489975666800080e-04
9.855655726426243868e-04
2.673242512014608273e-04
4.108224653009093794e-04
2.912628403488513006e-04
3.639289242207337065e-04
4.698058040538713952e-04
1.717475786161358606e-04
3.635427629821677445e-04
2.909317051548935933e-04
1.742059300934151850e-04
4.694889173283568859e-04
1.746638824730685014e-04
4.660163986381972456e-04
3.628601260103527112e-04
4.020877967950807355e-04
4.660642576728021239e-04
1.729157233618155629e-04
4.014414936259456143e-04
3.637806125776139226e-04
2.669858119914764638e-04
4.994341885848137697e-04
5.053542377852903323e-04
9.781565794599669794e-04
4.989872380025265394e-04
2.657359322924292538e-04
9.767097581985519864e-04
4.337303414894972797e-04
