9.828770684224160097e-04
5.232822363576144923e-04
4.086696772659769838e-04
2.812691477718064085e-04
4.293362130765320016e-04
9.893091423857499570e-04
2.814128264172602897e-04
4.087881490138057334e-04
3.329675966314245348e-04
3.539394046951939692e-04
4.552533685317741892e-04
1.571539197018907263e-04
3.532599916878155521e-04
3.327562881820404295e-04
1.608731794593086766e-04
4.543736113697189509e-04
1.590454276241115149e-04
4.592163653378087003e-04
3.525575189599041630e-04
4.095839028837587365e-04
4.597473967122559153e-04
1.595933156388385540e-04
4.085462252290915906e-04
3.520864322926301761e-04
2.808886893122331863e-04
4.735516047932114493e-04
5.067418418019169158e-04
9.851656532394480800e-04
4.728084064456771537e-04
2.804993530726125140e-04
9.912091507693224311e-04
4.482298148791732202e-04
