9.737226904107096348e-02
5.211181171630792364e-02
3.969381999914928932e-02
2.909839332100852549e-02
4.236243841741617333e-02
9.714308826069296965e-02
2.903374579344264808e-02
3.970653249190586598e-02
3.417505316660891801e-02
3.454255308451911755e-02
4.568603572958611359e-02
1.532844239275727577e-02
3.462207362961208096e-02
3.409888207877877220e-02
1.546475489007113902e-02
4.560815584992260890e-02
1.549207323259197029e-02
4.595399645857031062e-02
3.461343125356101946e-02
4.114719724346265622e-02
4.591756523643171495e-02
1.541439355594538367e-02
4.114167798456996872e-02
3.447335460393872314e-02
2.898919503149473623e-02
4.683942193144387950e-02
5.047157569467265736e-02
9.749745549100853614e-02
4.671073180618118270e-02
2.901511132333013318e-02
9.724209112207647665e-02
4.407806589957778687e-02
