9.704542012687174257e-02
5.196067338523921442e-02
4.225295977452492302e-02
2.704315386696455256e-02
4.296046632321051661e-02
9.706728235894290790e-02
2.688819710346891656e-02
4.225505105561850466e-02
3.064494953908911135e-02
3.728733440535678123e-02
4.656659381925391805e-02
1.671159016919042048e-02
3.725254709025219851e-02
3.058553785783943088e-02
1.685492730523976967e-02
4.657595770757366055e-02
1.687666015842467088e-02
4.672217788723774523e-02
3.715310051950599518e-02
3.863954004466971931e-02
4.679201089666364111e-02
1.674900537404195797e-02
3.858700748404126496e-02
3.711861368659889748e-02
2.675257545828107347e-02
4.915067060869089677e-02
5.071221288029115898e-02
9.788922017762241579e-02
4.907176751283061356e-02
2.678477358700576821e-02
9.707226876132508953e-02
4.438371924365915738e-02
