9.614447012632069967e-02
5.113565121482450265e-02
4.286205324753788320e-02
2.592167681074936461e-02
4.328117854671888198e-02
9.677774936318135623e-02
2.579629562374957316e-02
4.274827731599665365e-02
3.021556973882810401e-02
3.787773380696338871e-02
4.734393996112783859e-02
1.691456355049680491e-02
3.781186362802077539e-02
3.019034104923986120e-02
1.684678609448773609e-02
4.723246410203268963e-02
1.693059634947651632e-02
4.705506271995840706e-02
3.778420137019489894e-02
3.913577670506167283e-02
4.672811216543611840e-02
1.683471643622274153e-02
3.915184072610244925e-02
3.781670184955377573e-02
2.579464585330872722e-02
4.984136313810947488e-02
5.014716878293908747e-02
9.693040012586748300e-02
4.985992696770293053e-02
2.566719222103695450e-02
9.602879188656283926e-02
4.452849087245965704e-02
