4.246005161913514567e-04
1.846062199195265736e-04
1.705683609760157452e-04
1.449202310390471484e-04
1.650767140168203900e-04
3.468452124363657842e-04
1.294789166128577007e-04
1.626881171461415268e-04
1.262633169495332088e-04
1.795060968323636188e-04
1.907437122470538701e-04
1.095416384542791506e-04
1.782499033609643007e-04
1.211398900903601616e-04
9.622478778357271550e-05
2.222167169538346405e-04
9.603382779383905709e-05
1.852672979204831509e-04
1.678751984656396215e-04
1.507073692575402405e-04
1.647515678408563488e-04
1.209145623582006030e-04
1.552498071134049364e-04
1.694761991817714741e-04
1.139289205118498475e-04
2.037392345478302499e-04
1.767728343530142578e-04
3.791241994235556830e-04
2.006104285695661663e-04
1.261198885282184795e-04
3.486182128327347551e-04
1.636709562732284733e-04
