3.186870683687740170e-03
1.443576138713325782e-03
1.441083608835556744e-03
7.586108173137711894e-04
1.119276627155301644e-03
2.608094976409384806e-03
6.847537751713626136e-04
1.411663834771276042e-03
1.099485284773419344e-03
8.140336525763610352e-04
1.093813040455305675e-03
8.841373550648234719e-04
8.262458414429203063e-04
1.064550122434445006e-03
8.239854800329153876e-04
1.019337024913477899e-03
8.509429759190131762e-04
1.415884551951665862e-03
9.249599662410011016e-04
1.324951753964606236e-03
1.450570125726496039e-03
8.051402424005003671e-04
1.353649752821266868e-03
8.937711007081843234e-04
7.184463822371662612e-04
1.339310136741167240e-03
1.436303807805374344e-03
2.948639241238895908e-03
1.373165508768698587e-03
6.945987127421258912e-04
3.055864384003118949e-03
1.266231601324325660e-03
