4.065334350753516601e-04
2.108307168133933228e-04
1.643432547294084193e-04
1.347641827621379694e-04
1.711722029018417925e-04
4.324519599922712612e-04
1.291704288696684686e-04
1.607758621903227088e-04
1.264618355083272857e-04
1.556940224105718288e-04
2.194268982474513506e-04
1.130416832251028537e-04
1.588484192810867186e-04
1.378596358512434799e-04
1.330952551638759078e-04
2.095588032066690782e-04
1.327658570655878732e-04
1.898990770863290386e-04
1.562193362769914988e-04
1.622991749833651177e-04
1.763992366648296502e-04
1.365829238714273599e-04
1.568880960510020243e-04
1.528539466204290379e-04
1.225032163380358264e-04
2.287130872156129500e-04
2.127090542399141544e-04
4.040217042367710170e-04
2.284881474063217663e-04
1.163787945610141001e-04
3.724652742814023245e-04
1.954600904980190201e-04
