2.402716844165025750e-04
1.447529313612697902e-04
1.130013418236046433e-04
1.174781294743531163e-04
1.316414342818496806e-04
3.057494959438300736e-04
9.829210275626778246e-05
1.128830864176765458e-04
1.015822804320222261e-04
1.223760489423898496e-04
1.338072224868436201e-04
1.443609119167720283e-04
1.225236978507685242e-04
9.342575014778103102e-05
1.413231742090947701e-04
1.225017534922713557e-04
1.126197184324940109e-04
1.330884127804668547e-04
1.254206172765540649e-04
1.027303011628903352e-04
1.300403005944212567e-04
1.299011422588353289e-04
1.013568424725669792e-04
1.195419588229446788e-04
1.037618808487319382e-04
1.587857710849451811e-04
1.521008299099167055e-04
2.607484713492084073e-04
1.560419493493329435e-04
9.541374090083539622e-05
2.592896646924494684e-04
1.325203304419558196e-04
