3.952964372676012555e-04
2.171020685339496701e-04
2.024126679680411081e-04
1.155804548967261780e-04
1.645811995734912663e-04
4.257594350441218757e-04
1.230469033030063154e-04
2.169383114746337529e-04
1.486119471993929122e-04
1.571111514922749765e-04
2.079754670461563611e-04
1.049137764743624310e-04
1.630421803584334445e-04
1.406178296885465166e-04
1.200291597207753822e-04
1.987066965470316330e-04
1.210360285102309849e-04
2.332290198048898779e-04
1.514584636516984545e-04
2.168671453703109857e-04
2.177686536846407247e-04
1.115185005397302678e-04
2.178809083588995402e-04
1.517010402492155712e-04
1.064323713327780166e-04
1.958601299696107693e-04
2.111707012026656466e-04
4.212227835386744943e-04
1.952491758415676119e-04
1.130004116034964397e-04
4.050204690145952496e-04
1.773199368248403872e-04
