2.604891448788771032e-04
1.555870745644969647e-04
1.272282782641716693e-04
1.007783066419642651e-04
1.296932947378350834e-04
2.250914018234727331e-04
8.075393025570879932e-05
1.390251124378513248e-04
9.433258914862772807e-05
1.012487838366070615e-04
1.487234288555397497e-04
1.148189081130183064e-04
1.227931136860685088e-04
9.056508679770220208e-05
1.336491062853040516e-04
1.225517171025439439e-04
1.324888848997455161e-04
1.358834907489422971e-04
1.094786947547128099e-04
1.099205741776686723e-04
1.612602566552942508e-04
1.296732868045579303e-04
1.203595931803163531e-04
1.030318706488400480e-04
6.644570768493984249e-05
1.787141732546851044e-04
1.391214134473739645e-04
2.233206085192945476e-04
1.505298380156104858e-04
8.096203453432382086e-05
2.945032497687206756e-04
1.280829180410169698e-04
