-2.965951780561519916e-04
2.177504760110130031e-03
3.434855990065222627e-04
-8.028849293204521275e-05
-1.970215443829608903e-03
2.214181775549635704e-04
-4.097640293215094426e-05
2.738697442399140440e-04
1.096197735892330316e-04
3.854764343201416937e-04
4.956963391141166759e-04
9.336519387229909317e-02
3.325477284257805631e-04
4.671977768338783855e-05
9.640788761947149954e-02
-3.625469155605537982e-04
-9.273807739504111303e-02
-3.006444317262158496e-05
-4.030715571508293688e-05
-1.219268177520812580e-04
1.198970102257945026e-04
-9.713577522385692664e-02
-1.110397007972054685e-04
-1.835597252387947479e-05
2.821776139497642294e-04
-3.840264782039226805e-04
-1.857111236475014965e-03
1.750869902546178857e-04
-4.638341724210680284e-04
2.316608986068235964e-04
-3.481997334669333799e-05
2.089116346843113495e-03
