2.659273570429864127e-03
1.697150230499995527e-03
1.248632523940470607e-03
9.159688493491345042e-04
1.324019671146389830e-03
3.173811246992576038e-03
7.888734243741897002e-04
1.118149766040319858e-03
9.244235387097632763e-04
9.859924369708087007e-04
1.206744724440779980e-03
9.480832189083302202e-04
1.062470171576851072e-03
9.958289838042390634e-04
7.565965321470206808e-04
1.183694052801235715e-03
7.774847866790083380e-04
1.538501601375228322e-03
1.008575781095867726e-03
1.275256459751224940e-03
1.468802682206641827e-03
8.155361740637612948e-04
1.261758015209713240e-03
1.022596289147626597e-03
7.436910382537608279e-04
1.561679562168450741e-03
1.591853034048518406e-03
2.908060855059282131e-03
1.616176139867672116e-03
8.390691272929615575e-04
3.029514942739264336e-03
1.234626398645112750e-03
