1.809170441900187802e-03
1.206964574605022458e-03
9.545833418334859471e-04
7.013184422247881840e-04
1.003104432627479519e-03
2.104302426709110056e-03
7.105986331168017171e-04
8.966178468944643312e-04
7.668423463330558765e-04
9.352518736190845250e-04
9.655243071132570739e-04
8.523719221093307204e-04
8.854575043025637686e-04
7.339239277541644403e-04
9.370086256946621225e-04
9.925730803753286379e-04
8.214245938036434779e-04
1.052815061849887322e-03
9.137856920195540399e-04
1.055740654353298650e-03
9.340646798099889753e-04
9.309528426599386532e-04
1.014990638928802563e-03
8.830610408173228095e-04
6.486448083244095554e-04
1.073301240916496634e-03
1.097689962698078590e-03
1.913184941499661285e-03
1.214407689506803896e-03
6.034445723425251170e-04
2.224151036938399988e-03
9.695547536022569536e-04
