1.718891869797851317e-03
1.086084323647070480e-03
7.835949855813494763e-04
5.930756274015418347e-04
9.190265723017592391e-04
1.453998615034613915e-03
6.304241777231429315e-04
7.790957107605295815e-04
6.555532754829473431e-04
1.009060237940339298e-03
7.859351983693509775e-04
8.204325176807367734e-04
9.774815191846480608e-04
6.754138360519171833e-04
8.845362514471568271e-04
8.247277769705664780e-04
7.089016544000372594e-04
9.911436147876393019e-04
9.276637597321486231e-04
9.790348917102999378e-04
1.021842062775090050e-03
8.055719352509092043e-04
9.471246288592306741e-04
9.457773713374604228e-04
5.696028838069759539e-04
1.175488389139000677e-03
1.036481613692552626e-03
1.791217408669529320e-03
1.158175095037527547e-03
6.344273189286483722e-04
1.742544969790404182e-03
9.523431019768495171e-04
