-6.227664808120287211e-04
1.742435409362973935e-03
1.585084214708157616e-04
-2.092876170165701650e-04
-1.947255140772139771e-03
-3.030168734037262147e-04
-2.075416658655954063e-04
2.408404761648850600e-04
-2.777071126437262263e-06
1.574100578232774693e-04
2.094550262872049088e-04
9.348148686063961765e-02
8.935538152429949932e-05
3.516289704041584524e-05
9.664247804321457469e-02
-1.493384647089759161e-04
-9.296445851782189629e-02
9.334755146699625348e-05
-2.140787881164206007e-04
-4.381942019119629923e-05
1.020232855460075024e-05
-9.730309724306679398e-02
4.532490181932214046e-06
-1.245050882019200936e-04
1.736020157023605433e-05
-3.091634902566309131e-04
-2.275251470268654149e-03
7.664424692829230595e-04
-3.042633390933825342e-04
9.642864412335491991e-05
2.222181309199079636e-04
1.933283806683377482e-03
