2.595745489139736741e-04
1.492085502813136108e-04
1.304913682297130734e-04
8.396662090942160427e-05
1.302402521313879790e-04
2.643281350575304067e-04
9.610439019843196936e-05
1.135662098384280361e-04
9.118397136927421207e-05
9.873076671595005897e-05
1.352501706232660933e-04
1.243281319794909410e-04
1.077217855483689283e-04
8.052866870090260578e-05
1.218255647367845782e-04
1.240709724897799714e-04
1.153350263489816914e-04
1.381468995643806287e-04
9.624899488488132342e-05
1.214269032736407116e-04
1.300084159984090390e-04
1.557507261266561087e-04
1.074746942571642847e-04
1.088148085701680335e-04
8.937301652408671825e-05
1.325334686239008062e-04
1.476907923933688468e-04
2.832472963374150360e-04
1.468898407459116743e-04
8.736844961005421899e-05
2.769009982711769934e-04
1.365196788672066834e-04
