2.857182560893365975e-01
1.572830363834439027e-01
1.294105080355755499e-01
8.950177104857884314e-02
1.320839955520148878e-01
2.841955482579254233e-01
8.840115185907029827e-02
1.281826335924885207e-01
9.882068772695903891e-02
1.146085459718747951e-01
1.429089470622908475e-01
8.120241529352988097e-02
1.138133737031997439e-01
9.744034140768859098e-02
8.052711724055588993e-02
1.408615339131144562e-01
8.225989810340511577e-02
1.434182912185261449e-01
1.139578506965935600e-01
1.214218171201555674e-01
1.405868957793364182e-01
8.150428788697645921e-02
1.201516948174222305e-01
1.129738584703146032e-01
8.750614054795718966e-02
1.462868895018192839e-01
1.531938620592089573e-01
2.853519038744702918e-01
1.452588708682686636e-01
8.652066332518852654e-02
2.841311467352223286e-01
1.358436988277871016e-01
