3.547512454817683143e-04
2.062420689738760440e-04
2.034905422686267762e-04
1.169663187755013616e-04
1.817917673102843702e-04
4.107725826005830688e-04
1.027077204275491100e-04
2.052421283320032656e-04
1.457878723809351014e-04
1.575007824678463281e-04
1.858941924439817090e-04
1.267117885098707330e-04
1.662437207386826307e-04
1.414785138233485911e-04
9.268977636254412404e-05
1.947587584770946428e-04
1.063722448441257589e-04
2.023688615335037964e-04
1.671899714842040507e-04
2.171663366980433076e-04
1.936747987777770658e-04
1.252884042424360852e-04
2.202253065458575996e-04
1.515836431095273038e-04
9.245577830727483867e-05
1.914666426786375752e-04
2.008307520078242165e-04
4.071894346360039121e-04
1.905101688758345578e-04
1.085009652618897270e-04
3.706468259211891081e-04
1.920120321149411358e-04
