3.142010157066067060e-04
2.156459320491511153e-04
2.037051577804885869e-04
1.247438722700636008e-04
1.926150594573785397e-04
3.119745048697074741e-04
1.260023914483965151e-04
2.087136608361984177e-04
1.626851269890352051e-04
1.800565723120714035e-04
1.856045890839754409e-04
1.151498767918660178e-04
1.649570743087941166e-04
1.513394581878611692e-04
1.125773737525238605e-04
1.752031901897028500e-04
1.094501010407927208e-04
2.064217758815767138e-04
1.766182920293794334e-04
1.968704156293210573e-04
2.191942862961232584e-04
1.024133956054640201e-04
2.136376871920322019e-04
1.764558806134210547e-04
1.224333069222230679e-04
2.473232564772779771e-04
2.144879733093272537e-04
3.559842932844161745e-04
2.273939768656819830e-04
1.302940418159067855e-04
3.053525250581225767e-04
1.964933999397752847e-04
