2.114741304181237333e-03
9.540421177604802927e-04
9.721312222805488868e-04
6.939742413034345704e-04
9.429624713859147741e-04
1.920430505570440644e-03
7.206122110245547418e-04
8.832087833480266542e-04
5.893098912018371457e-04
8.809023331649903097e-04
8.961404923155275601e-04
1.020777805524877542e-03
8.357393703028545172e-04
5.899908814480222998e-04
9.060973954438154105e-04
9.104950498597515164e-04
9.636261487458007034e-04
8.273974159942674685e-04
8.129645022861547304e-04
8.941760747211808472e-04
8.803122928000114067e-04
1.026219037555920052e-03
8.293129589340100154e-04
8.152074874180334279e-04
6.688709071841494273e-04
1.016639826200343988e-03
1.069493376605528149e-03
1.973952103393295399e-03
1.059607379254559351e-03
6.299557902725864880e-04
1.895111484499186968e-03
9.467280340753820352e-04
