4.275493580380002848e-04
2.193462850051665857e-04
1.549660799718378067e-04
1.249175050974185856e-04
2.089995373855597937e-04
3.790962517333756172e-04
1.359237322675246721e-04
1.435760968781842355e-04
1.328948932562465499e-04
1.934508205163969186e-04
1.963553379035161753e-04
1.054848016409549061e-04
1.826409049134659370e-04
1.281538990814917831e-04
9.075126505274198766e-05
1.992368694651549990e-04
1.133775037422924900e-04
2.099035526071867618e-04
1.738958224537053476e-04
1.355436440232803022e-04
1.877709267264668054e-04
1.284238811657725235e-04
1.357292116012312076e-04
1.646733184682647806e-04
1.312951916996835209e-04
2.127049281764840515e-04
2.153539146340721980e-04
4.218692347007163904e-04
2.051393249564950237e-04
1.204399893301166395e-04
3.687382090805701508e-04
2.165031498709268638e-04
