2.018309413313926735e-03
1.198913512180162450e-03
9.729692964471905407e-04
6.226888562365790738e-04
9.378192590419150891e-04
1.997855601239050503e-03
6.813948400630242316e-04
9.642875705614397611e-04
6.723817961765163158e-04
8.399119425094973574e-04
1.048093104424254992e-03
9.394161782841114246e-04
8.116665016624837478e-04
7.318142064558513403e-04
8.319527941627613294e-04
9.114197802557287434e-04
9.394596184255039678e-04
1.068869782865001193e-03
7.378241182967639747e-04
1.030491268603343693e-03
1.137043349750883761e-03
8.714031079647278476e-04
8.967082063631965716e-04
8.084063724029083272e-04
6.412496157910234102e-04
1.173571124500503212e-03
1.219050552617892153e-03
1.988697995865644930e-03
1.104941509320104664e-03
5.827547039612006362e-04
1.997736674729453255e-03
9.882093881493402357e-04
