2.106166483450619138e-04
1.636699015896750094e-04
1.208109251521220968e-04
9.250555214677717538e-05
1.400051056840822660e-04
2.743106913424738771e-04
8.454364912214091989e-05
1.130534781892208492e-04
8.918784340025405315e-05
1.119422687558555761e-04
1.601812174160196936e-04
1.036026431943227148e-04
1.249480096045883619e-04
9.807007495319581864e-05
1.311532267759116439e-04
1.611113998456273073e-04
1.297679557309557540e-04
1.489648308848455103e-04
1.202688262487894744e-04
1.084101145809178879e-04
1.593930760049546325e-04
1.131644775730993827e-04
1.053618244212218923e-04
1.152732933054985469e-04
7.506341224705476698e-05
1.813747585137962491e-04
1.642874320178341798e-04
2.474048638597371123e-04
1.854769844922360086e-04
8.998387700895702911e-05
2.526345618339880320e-04
1.348545944944065363e-04
