2.863898296569763469e-01
1.576530744695644748e-01
1.275852748617218868e-01
9.118678921188416719e-02
1.319003493132700766e-01
2.851390042465368757e-01
9.004424849329648040e-02
1.262426847295555210e-01
1.009567170788149976e-01
1.130129390260146693e-01
1.422814869139996663e-01
8.106975595896268039e-02
1.121594529938139684e-01
9.963853240922794507e-02
8.035179497135032378e-02
1.401776995641081103e-01
8.179838651224258239e-02
1.430604324926764148e-01
1.122329402934968967e-01
1.229297899953875894e-01
1.402729077722514039e-01
8.141553344983477880e-02
1.217214846112647381e-01
1.112592953361666165e-01
8.925186575077388718e-02
1.445943948232314702e-01
1.533263939241422957e-01
2.861679151391427478e-01
1.437056090975002975e-01
8.824405209676075557e-02
2.851754156026439224e-01
1.358569187153579605e-01
