2.849195719645923330e-01
1.562550656890221157e-01
1.320082929357435375e-01
8.732790479711670384e-02
1.324242297114275324e-01
2.835756851514328325e-01
8.602461407088460299e-02
1.306559077506929678e-01
9.492862023549329675e-02
1.182344970961159564e-01
1.436820018030009471e-01
8.192836145390770819e-02
1.172865266100229786e-01
9.350280231896500316e-02
8.147716005677130280e-02
1.417122780449336095e-01
8.297678935384569798e-02
1.440076560323396981e-01
1.173993553112183952e-01
1.200594411428337893e-01
1.413579737466301722e-01
8.247724761441595220e-02
1.187115928672698578e-01
1.165200527615111725e-01
8.501518916031508555e-02
1.496254812302849346e-01
1.525631990350822531e-01
2.845762332395717076e-01
1.486686786358105139e-01
8.400135831926004715e-02
2.833184817964269353e-01
1.353966896238517070e-01
