3.764525281892348017e-04
2.527641156123474893e-04
1.781225782809360352e-04
1.412319648429622159e-04
2.022149108913014995e-04
3.496357578965319330e-04
1.258310640048604888e-04
1.700817015139919567e-04
1.165383244742898046e-04
2.085463207801919788e-04
2.021212681293845924e-04
1.061981699566137937e-04
2.028531096460308792e-04
1.185840489520851172e-04
1.143584194092610832e-04
1.993067854707458514e-04
1.113482588144787649e-04
2.073214264524363549e-04
2.028924559250919050e-04
1.507634120826794146e-04
2.093851398872314390e-04
1.165750665685364644e-04
1.496445110114116178e-04
2.145266346326994862e-04
1.335380479058212585e-04
2.213448559622038672e-04
2.298971385613386839e-04
3.368310844187541063e-04
2.099672086893674945e-04
1.382196442191864049e-04
3.890131493288668824e-04
2.117253385134182072e-04
