1.525160694689934931e-04
1.960594879519223909e-03
2.654980605895544492e-04
-3.188849419115650390e-04
-2.099892641066561719e-03
-8.554797198550113198e-05
-3.252799049720373446e-04
2.712770323638615346e-04
-1.746970566479381557e-04
-1.535800512129431236e-04
-1.007843499011987432e-04
9.339813721827656956e-02
-8.924942786114110113e-05
-1.293807939873621972e-04
9.632969544751300572e-02
1.265304183208013349e-04
-9.274789077004345905e-02
-1.701205679740843541e-04
-4.883113650629883644e-04
-2.712064095847370966e-05
1.894001025411790756e-04
-9.712768993242332227e-02
-5.685080399350720667e-05
-4.174654083748473949e-04
2.629201289092261790e-05
-2.647868285697338561e-04
-2.132271787156018571e-03
1.884570608640504007e-04
-2.182980795838101529e-04
2.909671361009670115e-05
-2.336008307300603299e-04
2.002455633963523378e-03
