-3.604548706320402320e-05
2.157271785142001862e-03
2.241214965192311979e-04
-3.392791642418180103e-04
-2.188961952236776962e-03
3.566720770383313786e-04
-2.672188972915607707e-04
2.676658127421189864e-04
-3.456583405428953319e-05
3.889737283171291853e-04
1.878693751305344237e-04
9.344178813178258269e-02
2.941598348495742918e-04
9.977839937218178836e-05
9.669858910212977832e-02
-1.929240393324477244e-04
-9.301287334709149035e-02
-1.228650910402449197e-04
-1.754433561884589704e-04
1.183700653417017691e-04
4.675099037375134262e-05
-9.720160489910396884e-02
3.691060501047541804e-05
-9.984269038179189291e-05
8.821002366896482964e-05
-1.194829116072808383e-04
-2.121536168695585100e-03
-4.501507541821049693e-05
-2.033602603884971456e-04
1.234555146184148201e-04
-2.417154999871469392e-04
2.197031453618517212e-03
