5.099999999999999672e-02
1.000000000000000056e-01
2.290000000000000091e-01
2.510000000000000009e-01
2.489999999999999991e-01
2.359999999999999876e-01
4.490000000000000102e-01
6.590000000000000302e-01
6.049999999999999822e-01
5.709999999999999520e-01
6.330000000000000071e-01
8.509999999999999787e-01
8.840000000000000080e-01
7.600000000000000089e-01
7.259999999999999787e-01
8.519999999999999796e-01
8.599999999999999867e-01
6.860000000000000542e-01
5.620000000000000551e-01
6.059999999999999831e-01
6.670000000000000373e-01
