2.018047720306855909e-04
1.267022647456610162e-04
1.037300531408600100e-04
6.270006647830803981e-05
1.039254651468491980e-04
2.047969156489850011e-04
6.204046071154344143e-05
1.035020300262505419e-04
6.953444875416963614e-05
7.766957096656327262e-05
1.146573461842641809e-04
3.205184990803419779e-05
7.627087673503878920e-05
6.873279340283243845e-05
3.121371451380729976e-05
1.151717184319131618e-04
3.256534480965559076e-05
1.008838333507872516e-04
7.790965600955572100e-05
8.732608553175389061e-05
1.026516371963266037e-04
2.932183544307930613e-05
8.715604599740047235e-05
7.683604779977033447e-05
6.196977528142281642e-05
1.262201258219085775e-04
1.280991967311462471e-04
1.954719079610155760e-04
1.261352268553328428e-04
6.233131281340169739e-05
2.257723593044830366e-04
1.026016199457258879e-04
