3.199955743952580977e-05
1.587999295948753012e-05
1.439711041405634766e-05
9.248078054863701530e-06
1.305229722700075784e-05
2.945384156346559967e-05
9.302682640693897456e-06
1.441397063079805068e-05
9.697803071703267264e-06
1.149787420876657000e-05
1.251146236680304530e-05
4.369184072928871001e-06
1.153930214421051388e-05
9.622040467162944462e-06
4.089635059385912447e-06
1.255640545061883194e-05
4.507992021032861955e-06
1.642806669932410604e-05
1.165992094018814137e-05
1.263356326237547317e-05
1.626994073540658929e-05
4.331354213973068458e-06
1.266251872075558519e-05
1.170298709695145962e-05
9.213994652587093653e-06
1.585479734651551158e-05
1.609952709403844937e-05
3.041049545251057332e-05
1.573883418481691277e-05
9.229424809620710604e-06
3.168051315286674470e-05
1.289711663304981510e-05
