2.151787499872306907e-04
1.077320353053366753e-04
8.213986888798651103e-05
5.157445772170694983e-05
9.322829705089929564e-05
2.389300041864682203e-04
5.124854688931640661e-05
8.227209716438697027e-05
6.683452237975252288e-05
7.801217609244684209e-05
1.243245749662389376e-04
3.162825585348850413e-05
7.889945074157808625e-05
6.712418553809915622e-05
3.516240750628105204e-05
1.233800253734504393e-04
3.097429239301337114e-05
1.077599251656534066e-04
7.850779207493939569e-05
8.834913761347935879e-05
1.093797818236003235e-04
3.206164403312046393e-05
8.749068153324701062e-05
7.837410745140929377e-05
5.305490188923943546e-05
1.262522217295106305e-04
1.078018226973724325e-04
2.244185111089212097e-04
1.261117749384561371e-04
5.099396920904676427e-05
2.289282545744031577e-04
9.143848918641713744e-05
