3.076323109768878614e-05
1.425095768351289998e-05
1.457234531237883491e-05
8.784336619964340943e-06
1.382110664489202784e-05
3.655797121404760964e-05
8.732828518305877955e-06
1.460912132163681225e-05
1.034623717311433102e-05
1.174442931480935436e-05
1.325101271938768606e-05
4.484883415693877230e-06
1.165644823940777106e-05
1.039799530621893846e-05
4.371017996996634858e-06
1.329313192459831699e-05
4.198662078497546311e-06
1.417298441482306369e-05
1.154204425643305260e-05
1.181891869069099282e-05
1.388169778792344900e-05
4.833767012626009413e-06
1.196750598453114544e-05
1.172147054940566030e-05
8.600910797222248091e-06
1.724014040437878799e-05
1.437712098014435584e-05
3.718730210917397595e-05
1.711611190281287263e-05
8.494964357746241285e-06
3.302950574340495762e-05
1.412449418352149257e-05
