2.849104236580526648e-05
1.797656756170051693e-05
1.298549230182597522e-05
7.870295025749108220e-06
1.420552384820480144e-05
2.441156196917698053e-05
7.885346873123669150e-06
1.307629627355362157e-05
1.027453803396951122e-05
1.243456458047271318e-05
1.668543176180709351e-05
4.908909943680949149e-06
1.238933507655910769e-05
1.038362556771199820e-05
4.751977269804062977e-06
1.696259679796185011e-05
4.775122378644060874e-06
1.429722734282107093e-05
1.241459022650269078e-05
1.305019800906060339e-05
1.427856733892301420e-05
4.652803882366469705e-06
1.292850116830688933e-05
1.253312555743257441e-05
7.878257221496662172e-06
1.662685757677414688e-05
1.752836570288168259e-05
2.683300222881949043e-05
1.657533677157668292e-05
7.883411420551919162e-06
2.682695651464556911e-05
1.461002387745386142e-05
