-3.403619614393993425e-05
3.664978032926905692e-05
7.941435807466112784e-06
-1.152335329728766167e-05
-9.595072149978537695e-06
2.835414992670230231e-06
-1.098436283310607773e-05
7.491807523630521449e-06
-2.125578807650190027e-06
-1.055910228267406867e-05
-1.076927201447822281e-05
9.646112685463629740e-04
-1.055437517721302811e-05
-2.349185347191712980e-06
1.002906458811247048e-03
1.108917503382231570e-05
-9.634138427422015306e-04
1.227691437632952609e-05
-1.446980698398799825e-05
4.058596411374403164e-06
-1.107393834068029338e-05
-1.008305573246356338e-03
3.842101691017252704e-06
-1.435394844880882446e-05
-7.019563037096503473e-06
2.229636341478215885e-05
-2.164483996225694212e-06
1.870058825472021782e-05
2.135376161968511181e-05
-6.069144768894735964e-06
1.334251017628471425e-05
2.829272127388931149e-05
