3.114806297111266599e-04
1.470656239900990547e-04
1.063985320809909276e-04
8.069889531017517838e-05
1.206023091029493266e-04
2.688581593062656276e-04
8.041956434753772648e-05
1.063958883276022602e-04
9.904248314419929482e-05
1.097533172904691578e-04
1.207036847641926140e-04
4.466837742745415144e-05
1.099774394730162948e-04
9.833025457406017154e-05
4.556009789762204714e-05
1.216398003610553498e-04
4.586853887572126231e-05
1.330498181289283390e-04
1.103772444097851120e-04
1.223659304026805835e-04
1.326117323515961499e-04
4.487983454410204555e-05
1.226370810980136246e-04
1.105064998681037393e-04
8.153337811091957517e-05
1.765182028682428137e-04
1.435468097141205798e-04
2.817756539814674009e-04
1.775213819239698093e-04
8.109643541588545967e-05
2.835387024932658237e-04
1.260896732515788001e-04
