2.786937768581887226e-04
1.487500486588232379e-04
1.669401973618336605e-04
7.133095121236868793e-05
1.298860032849974194e-04
2.793343986756102173e-04
6.970094853965238179e-05
1.667931584013129136e-04
1.034539780443803885e-04
1.145795846209363258e-04
1.501916536859069303e-04
4.841893608128760727e-05
1.151554296345001002e-04
1.036221261416682285e-04
4.980111915395830626e-05
1.507141395431688298e-04
4.585318975535403798e-05
1.697518871457499769e-04
1.147807181514999059e-04
1.343035613288222959e-04
1.696830299395201639e-04
5.014079940951628959e-05
1.339180191333748306e-04
1.146149024430153464e-04
7.018371384292776394e-05
1.727037471312263420e-04
1.460017839345560643e-04
2.820351554174433794e-04
1.723598350838536513e-04
7.064307717065259359e-05
2.872776476090147619e-04
1.340853943090955351e-04
