3.089811130479390086e-02
1.635041011136564859e-02
1.363747516564550906e-02
8.272990954250875398e-03
1.358252798694230615e-02
3.090491076276040763e-02
8.271454028910036824e-03
1.363708600505017000e-02
9.654433307914061027e-03
1.181963516198286136e-02
1.475462099889500965e-02
4.821238670152340998e-03
1.181875637685843652e-02
9.653759937676859373e-03
4.821076065250306554e-03
1.475121555683527735e-02
4.821761422075084014e-03
1.477703059923475212e-02
1.181776564846522860e-02
1.237644920038552011e-02
1.477310135647596188e-02
4.822827635589514196e-03
1.237446283018905739e-02
1.181663139996420170e-02
8.269990242579636566e-03
1.566626569361248555e-02
1.593438258349135980e-02
3.089912217666461458e-02
1.566437665960020501e-02
8.268319162493794131e-03
3.092772287234395873e-02
1.406788046859946788e-02
