4.525125857935515721e-05
2.311923555102347337e-05
1.787161246252495271e-05
1.195351257126372874e-05
1.790189722269334809e-05
4.455400066974097640e-05
1.180586210202729974e-05
1.777531125711005028e-05
1.190920013568314944e-05
1.650251855139690273e-05
2.125994787298188436e-05
6.540957755487314886e-06
1.668390756474479814e-05
1.210891981557416785e-05
7.926602175996414409e-06
2.123695590664726197e-05
6.569200636453431889e-06
1.827577680883647060e-05
1.657238273609095184e-05
1.762043662191207117e-05
1.839843923758742225e-05
7.622849884626863037e-06
1.745545872224902342e-05
1.672170885590711634e-05
1.181444263958648233e-05
2.139881061533893268e-05
2.265817709556932450e-05
4.554966802628317596e-05
2.127533656924363825e-05
1.197350773765686242e-05
4.248297375399263839e-05
1.834724202373212270e-05
