2.723103167915425833e-05
1.507971660019214338e-05
1.332733491288667735e-05
8.438830540429929176e-06
1.403993323703394676e-05
2.893940836453325776e-05
8.714171520204452113e-06
1.338737041501615702e-05
1.028603324953181141e-05
1.221497382199276470e-05
1.601630370105430927e-05
5.896915823850926481e-06
1.208156444776154950e-05
1.031836421479724113e-05
4.130466184377609652e-06
1.617037417188026016e-05
5.542280850763162346e-06
1.467251917589612308e-05
1.226618417822113359e-05
1.311059795508932956e-05
1.456185793651335634e-05
4.850978814798677773e-06
1.320283601026910576e-05
1.225042028374802289e-05
8.688832260690970789e-06
1.649231746123456393e-05
1.551836885940287359e-05
2.491338795575604871e-05
1.644632100941285642e-05
8.548506915959312426e-06
2.753504352639755696e-05
1.404564575833746048e-05
