4.213202648649142873e-05
2.351571910005390120e-05
1.868724355937189546e-05
1.120199908706114586e-05
1.995492863313547884e-05
4.159900636181949744e-05
1.125468313710273083e-05
1.863052317835976854e-05
1.233617221545125876e-05
1.564982080877284700e-05
1.854510591179985455e-05
6.765305459545594091e-06
1.567219105079608221e-05
1.237821218332260622e-05
6.735115079519220467e-06
1.860938709126707112e-05
6.408560498566297853e-06
2.008090771072707582e-05
1.549139948685151509e-05
1.799688238056247863e-05
2.009292105212107072e-05
6.764410716738780757e-06
1.795167264651841517e-05
1.559309913355550874e-05
1.122209488894225954e-05
2.014332769475636717e-05
2.272086274590918089e-05
4.819696179915560879e-05
2.014724953012396908e-05
1.119310957713592501e-05
3.713541450676560441e-05
2.060184395801499275e-05
