2.724225710861525582e-05
1.508838881270504302e-05
1.361764218842698677e-05
7.506305001188993655e-06
1.190067403329910637e-05
3.022652255935314453e-05
7.381342358535590450e-06
1.363354701231903481e-05
9.056828863111685140e-06
1.249636953971309168e-05
1.206152314050338843e-05
4.808660632571916365e-06
1.272513277701132074e-05
9.118394800412434319e-06
5.104641597629787020e-06
1.220188860123530370e-05
4.396148130222894213e-06
1.428048602391095060e-05
1.244063781077274783e-05
9.964623267200092979e-06
1.430446590766503363e-05
5.285808720473702902e-06
1.007455801670344755e-05
1.250418539082991971e-05
7.485777348134994991e-06
1.331695115093761611e-05
1.390666234981297024e-05
2.821507854013630194e-05
1.345928170662241289e-05
7.590379679537027224e-06
3.145672229560535747e-05
1.261810339706676386e-05
