2.232430360492977195e-04
1.192603415048360948e-04
9.738281696027938463e-05
6.905970830743603673e-05
1.104126279982280584e-04
2.186021295494866492e-04
6.854407662733297789e-05
9.744368632519861354e-05
7.485464789631542657e-05
8.126200616697412627e-05
8.844391440695189763e-05
3.803190671263397942e-05
8.225791929651655066e-05
7.416131105712893098e-05
3.416624477027903502e-05
8.943165773528093132e-05
3.577101318502492403e-05
7.517052086054532782e-05
8.169557399439954671e-05
9.087060437325474602e-05
7.581114230035325982e-05
3.527399490780371060e-05
9.127085501710058973e-05
8.251166282599636987e-05
6.974912609932069527e-05
1.157207648829210352e-04
1.170767934609041736e-04
1.946905088075837336e-04
1.149033909963061677e-04
6.938956949387086663e-05
2.378756191901749582e-04
1.146592145847451428e-04
