3.085323513808222937e-02
1.620678517027896240e-02
1.325687716458267065e-02
8.347782145718114430e-03
1.363193457094789666e-02
3.083378245927367173e-02
8.345125979035484740e-03
1.325612781594450937e-02
9.300169721810308196e-03
1.175420924763899769e-02
1.488183232778968364e-02
4.992906768040672807e-03
1.175225985212182550e-02
9.299981990744226809e-03
4.989623992550718153e-03
1.487829864181879937e-02
4.992683724011953185e-03
1.489348831944089721e-02
1.175172572620093031e-02
1.275264249304713243e-02
1.489124062632207583e-02
4.996846709148942793e-03
1.275082960973171822e-02
1.175103440052120349e-02
8.342735848827153092e-03
1.587254544302213813e-02
1.602741172468362396e-02
3.087843352116361600e-02
1.587138137521710082e-02
8.341878885863379667e-03
3.078846756133705315e-02
1.384283018958836452e-02
