2.642416662709536307e-04
1.418565435746357612e-04
1.488988736252153111e-04
8.109823707287873180e-05
1.216581580600925951e-04
3.129264108551098539e-04
8.124334070965469757e-05
1.490559282272274372e-04
8.696157587102879699e-05
1.230869709875487001e-04
1.637146338074501792e-04
5.222351229857922757e-05
1.235348893027529791e-04
8.806097924393829096e-05
5.287276100506654419e-05
1.668400763780713430e-04
5.258382743975992631e-05
1.684913023506102298e-04
1.229051263834637019e-04
1.398596332897785453e-04
1.708543813537621143e-04
5.416064075737744447e-05
1.392282162244813833e-04
1.232357549365117638e-04
8.241365143324794640e-05
1.800127769398506277e-04
1.394967630186341365e-04
3.260169354597443792e-04
1.802993691618146998e-04
8.204879798946776946e-05
2.987662918478691735e-04
1.220612250460316239e-04
