3.563535401086424299e-05
1.661373932026569494e-05
1.263094628021638199e-05
7.378597948357077470e-06
1.394174448051451604e-05
2.842912338590323175e-05
7.215288765416472533e-06
1.258348015281887830e-05
1.014699062677190969e-05
1.016313612732523823e-05
1.463705523886245705e-05
3.855218283807429385e-06
1.014403030800102579e-05
1.020134289046285565e-05
4.264171631008561684e-06
1.418584516606407077e-05
3.650467252400146657e-06
1.496599613409209800e-05
1.016403890441877065e-05
1.358520230413198622e-05
1.501927656320979411e-05
4.276275439339682644e-06
1.364976458834173547e-05
1.024577677640815706e-05
7.470765710088775011e-06
1.411942111266432477e-05
1.730861838315775062e-05
3.443106933722615587e-05
1.399069686307996996e-05
7.314018294291480404e-06
3.393340357659947536e-05
1.326264184046270363e-05
