8.860649615661271431e-06
4.004520161872696988e-05
1.116128530815357622e-05
3.857039819471479931e-06
-6.932435670312667720e-06
-4.694538876048939553e-05
5.070532056889903206e-06
1.067582856099660941e-05
-4.182243324576455460e-06
2.496886187374647658e-05
-9.638523080951652523e-06
9.669611093233382651e-04
2.408782872533285930e-05
-3.806999110809814410e-06
1.000889441830448345e-03
9.222655754528859449e-06
-9.635546474804813780e-04
-1.362821403477013093e-05
2.100701691086386046e-05
-6.224309731307640353e-06
1.370120507422802019e-05
-1.010743883291600163e-03
-5.819971700185377833e-06
2.121664842567538858e-05
9.033512746416465201e-06
2.541988342364167916e-05
-6.061602020629938228e-06
7.390618106086624629e-06
2.654876228882164507e-05
7.671486890010339554e-06
3.032810361129474700e-05
3.869277327013962635e-05
