3.102760881884517215e-04
1.504414974030035968e-04
1.371373232607648750e-04
6.963628668060659012e-05
1.147188877499583380e-04
3.197899299649678367e-04
6.876212809948582902e-05
1.382120670679825127e-04
7.975259294009855529e-05
1.107091502036059957e-04
1.211172547936984140e-04
5.184325171126279315e-05
1.109142529069629253e-04
7.997042021289314979e-05
5.149967000139312070e-05
1.196789348415810603e-04
4.876675109049378272e-05
1.333260256777587377e-04
1.109539996869841601e-04
1.173818982431686135e-04
1.319694522849897708e-04
5.199251080833590285e-05
1.162186169466003380e-04
1.105416445936074378e-04
6.848084788738007954e-05
1.432039697981587209e-04
1.454303483125618393e-04
3.376168653446677765e-04
1.436615927247004629e-04
6.823400367717705000e-05
2.809805169374166565e-04
1.187637101012996754e-04
