1.635342748207010505e-05
1.074212183114241009e-05
9.448008976526299217e-06
4.388773274008433539e-06
-1.863799791931297091e-05
2.174102493220263495e-05
3.868343710518479283e-06
8.965014245140386008e-06
-1.251174520546800812e-05
4.821783562870629193e-06
-2.331625013042225270e-05
9.784621603046185761e-04
4.692607041779695731e-06
-1.238845595286498617e-05
9.928166330266277421e-04
2.449410448579753308e-05
-9.537388385487645870e-04
-1.776063805607732291e-05
-1.061521474708165382e-06
1.829220625405449216e-05
1.799512805037904617e-05
-1.022589424371466100e-03
1.784834986834202673e-05
1.651026108701552072e-07
9.089188983717896527e-06
1.913789565456956431e-06
-3.088128682657912799e-05
-1.102295554923759250e-05
1.339139900523337315e-06
8.623886807975420090e-06
-2.734316596178144621e-05
2.255460881163712198e-05
