-1.116634034884933303e-05
2.024102051743789193e-05
-2.796745198341088159e-05
2.153121149985882290e-05
-3.004633414013694952e-05
-3.886252114476459527e-06
2.020160412498339845e-05
-2.740430499149102027e-05
5.995546748917490192e-06
-2.971386662560178617e-06
1.137845575398446351e-05
9.667828056109175087e-04
-3.403454590364960583e-06
7.025355683423987392e-06
1.014455766459669648e-03
-1.117292008555976438e-05
-9.648375412688015539e-04
6.011990200236033587e-06
-7.842441869131772726e-06
2.867315012459725743e-05
-6.121440474131027129e-06
-9.977672815146428585e-04
2.793303084875947868e-05
-7.451825447940592016e-06
2.448307017752977165e-05
-3.673327063930054360e-05
-2.922107877140972065e-05
1.708354865227497811e-05
-3.609320801698875399e-05
2.512243789921833519e-05
-1.658103726069501827e-06
1.956808479504022126e-05
