3.294355114864540952e-04
1.444150814621642767e-04
1.343675521717690113e-04
7.564515927474855335e-05
1.237624432491830971e-04
3.027217846092346157e-04
7.417908508901213942e-05
1.347363281878160809e-04
9.546717770228696661e-05
1.299482645413870972e-04
1.393212100268685671e-04
5.567101824808032962e-05
1.300584825341449726e-04
9.563062425080804589e-05
4.923475207987268649e-05
1.395599383661322843e-04
5.533353199933346188e-05
1.322658495280639519e-04
1.294784419357680467e-04
1.210357375649930039e-04
1.324382986025117708e-04
5.046434240200620630e-05
1.210922553870120739e-04
1.281201239862975877e-04
7.504879428171722469e-05
1.537289923866642753e-04
1.392518480899141179e-04
3.030550146733067773e-04
1.538793346964281196e-04
7.528508129286136700e-05
3.222706770863055232e-04
1.335014594097524629e-04
