-3.662901763479898046e-05
3.208300477331676954e-05
3.695558960738698729e-06
5.788825375341935124e-06
-2.533135428017919025e-05
-7.279577824900675294e-05
7.358980792170626281e-06
4.118830655253855970e-06
-1.320662615389136094e-05
2.553455695669860016e-06
-9.407744994681472626e-07
9.625442369600635149e-04
2.555777780881934120e-06
-1.226448934705171523e-05
1.016540217587458056e-03
1.781310984876671295e-06
-9.716989153630535905e-04
6.073917681032101346e-06
-4.664402557077593547e-07
-1.684678592443811633e-05
-6.037313289333294780e-06
-1.001403831686564555e-03
-1.807220166798633574e-05
-1.166330193748328305e-06
1.257901623861093268e-05
-1.493450708277260498e-05
-1.615821852725816857e-05
2.827146306957777731e-05
-1.555640834892543521e-05
1.041346683639725918e-05
8.082806966774999571e-05
2.308725911231482005e-05
