2.979184163372931892e-04
1.662812444012613030e-04
1.321387664251650197e-04
7.921009517306450674e-05
1.411026535458370147e-04
2.941493948906489945e-04
7.958262766351226799e-05
1.317376927647134223e-04
8.722991027430660263e-05
1.106609441823762054e-04
1.311337014805640856e-04
4.783793367243061885e-05
1.108191256806903395e-04
8.752717773793354669e-05
4.762445544799813956e-05
1.315882380596034712e-04
4.531536586180471475e-05
1.419934601463634569e-04
1.095407362722250846e-04
1.272571757151242592e-04
1.420784072980074860e-04
4.783160688536946295e-05
1.269374946199422884e-04
1.102598613705117856e-04
7.935219395089967444e-05
1.424348360862501316e-04
1.606607612204118422e-04
3.408039852077191542e-04
1.424625676500814191e-04
7.914723684556902890e-05
2.625870341990725002e-04
1.456770356765950414e-04
