2.628312956888510335e-05
1.498921237620520939e-05
1.224791067061459274e-05
8.655317371692849626e-06
1.199892207357777423e-05
3.204236249749639164e-05
8.596158558138117806e-06
1.218812187449013030e-05
9.644346148193595563e-06
1.103466209061106048e-05
1.411697770694845913e-05
4.817859329835815926e-06
1.115527324800161878e-05
9.697743909924967027e-06
4.235059393972748612e-06
1.398336930878537898e-05
5.029044122609525977e-06
1.460298956527857467e-05
1.103051158306225510e-05
1.389077006835465132e-05
1.462750374006174419e-05
4.368278092186639373e-06
1.377441994949681367e-05
1.113966088065221179e-05
8.654509592978380613e-06
1.528163389538739832e-05
1.403821338545465962e-05
2.763003013041171008e-05
1.508716429574746753e-05
8.490191939743868700e-06
2.862587068741890002e-05
1.311805015780699048e-05
