4.931019705935209946e-05
2.700856217346426041e-05
2.071680313127060419e-05
1.356853636508766905e-05
2.239156790854522251e-05
4.768168371138857071e-05
1.363651261239121934e-05
2.071649146641964040e-05
1.443043366041475187e-05
1.866290469309172059e-05
2.248848141003786325e-05
6.372863334072635387e-06
1.854963157184603821e-05
1.440857720935207370e-05
7.603277326899889314e-06
2.260854130177079261e-05
6.740971180363934041e-06
1.857308419350042436e-05
1.835781063147166431e-05
1.781755806445642435e-05
1.859943659895916417e-05
7.422376069777870784e-06
1.787990952113398434e-05
1.845193988386033246e-05
1.340357583884072393e-05
2.471217007085957281e-05
2.603098227762810571e-05
4.966537365301979998e-05
2.480182743120896001e-05
1.367913418317547478e-05
4.698925519304725641e-05
2.334100936940396718e-05
