3.081608121328869437e-02
1.628040723823316951e-02
1.363090689097205127e-02
8.226263270789799589e-03
1.358431933885525904e-02
3.085164460533433919e-02
8.225123513413104548e-03
1.362978311283958265e-02
9.516903858766112209e-03
1.191463080284849672e-02
1.479972227362442300e-02
4.917005066015420894e-03
1.191321104212303937e-02
9.515953727037045756e-03
4.922162536837697451e-03
1.479817886673545461e-02
4.919130217743618132e-03
1.479960065282583809e-02
1.191209096595622491e-02
1.242004185984362657e-02
1.479694015771138189e-02
4.925703405321471724e-03
1.241913443135691554e-02
1.191173246105454130e-02
8.224068868330540460e-03
1.582537747342793732e-02
1.592133968893330934e-02
3.083142918231210339e-02
1.582435312344229739e-02
8.221527587323355923e-03
3.081453591558351926e-02
1.400095135659193239e-02
