2.142205171361983033e-04
1.147541897572393061e-04
9.831866493442099008e-05
5.619836507020581568e-05
1.039928889512421018e-04
2.131024660989368246e-04
5.684271758830843123e-05
9.793359355971223055e-05
6.239403646618696224e-05
9.020362248322638579e-05
1.036013947006521124e-04
3.281493123666885371e-05
8.996513294063753960e-05
6.172560772598655520e-05
3.394805714048299282e-05
1.026857703303947792e-04
3.344590818068985397e-05
1.130690542322148131e-04
9.016282545443595972e-05
9.068051781064021064e-05
1.125695603151556954e-04
3.638437004665650740e-05
8.956426728752194791e-05
8.981134078498898454e-05
5.556194769984047717e-05
9.846210582280656568e-05
1.124116079046003205e-04
2.179415287544693870e-04
9.928771081208474271e-05
5.635445947761598526e-05
2.316160729562578152e-04
1.065430251444487514e-04
