2.006691636231841471e-04
1.036914379605248006e-04
7.955187236882973263e-05
4.711829221282195834e-05
9.338834728781170245e-05
1.935552064826815246e-04
4.669100622654807626e-05
7.973822823680081157e-05
7.027513454419997334e-05
7.843847891616355925e-05
1.136786735964089078e-04
3.791673334815887217e-05
7.972386264820071125e-05
7.079610045355560740e-05
2.998953232229908131e-05
1.135367934151951892e-04
3.641987611179995434e-05
1.179944833817192908e-04
7.899798140281689886e-05
1.031105926233437159e-04
1.197744147883531148e-04
3.186105712378954331e-05
1.034009137774045386e-04
7.989315083115568661e-05
4.807996094715629148e-05
9.370732902578803578e-05
1.086078909257551391e-04
2.124767354912242561e-04
9.350514934040674703e-05
4.731237136527745470e-05
2.501158919620166438e-04
8.768703130328177374e-05
