2.788864093616022936e-05
1.540290272873252436e-05
1.379668411602652310e-05
9.387052351590351401e-06
1.298072965886435634e-05
2.647909675164533244e-05
9.363731921154579157e-06
1.368833538518271836e-05
1.051673832374376760e-05
1.214849868431297160e-05
1.515900443072946331e-05
5.560629240501184253e-06
1.209062435017680663e-05
1.056918046637052401e-05
5.535929540697706776e-06
1.505919412258477145e-05
5.840660710350498665e-06
1.325487698143725722e-05
1.203726681623549786e-05
1.173614444664978336e-05
1.304893954323138705e-05
5.340506830604222003e-06
1.172242934477329484e-05
1.225823285926221904e-05
9.290204629850164604e-06
1.729061235544543273e-05
1.479368448819630918e-05
3.421330819625037316e-05
1.732988129818510424e-05
9.400335306767072593e-06
2.656303432145332602e-05
1.402649098093359567e-05
