3.118433153158638215e-05
1.768169493555541262e-05
1.084459076071647028e-05
7.470636058818090923e-06
1.510998607230276901e-05
2.655689763958921329e-05
7.535897563121842172e-06
1.107542223018374881e-05
7.547775975391555972e-06
1.309358063283812505e-05
1.523870550830874475e-05
4.191882044862872598e-06
1.320650421666162648e-05
7.547484665550881336e-06
5.421885855406102071e-06
1.513484501440150415e-05
4.670040742565435103e-06
1.708238491673940560e-05
1.312278429748122404e-05
1.033439260976587478e-05
1.726762656024315125e-05
5.005158347006787856e-06
1.032676586042298983e-05
1.305205753173362555e-05
7.503605681611142952e-06
1.483446850060547492e-05
1.692530754988134936e-05
3.336680542926821438e-05
1.489095816594985681e-05
7.453115301761943590e-06
2.761549483499507802e-05
1.617597678780467323e-05
