3.085503238251904173e-02
1.635669054129114050e-02
1.360009530189868962e-02
8.300050803516553430e-03
1.358586897116807399e-02
3.084888728054013471e-02
8.297309470087020633e-03
1.360068437446668513e-02
9.661840066565008378e-03
1.179604373729858414e-02
1.474508009087070574e-02
4.816505479790226217e-03
1.179471176164301888e-02
9.660166743126953615e-03
4.817585727093456720e-03
1.474169192877403285e-02
4.820153985456931967e-03
1.476999123959452445e-02
1.179670220831251226e-02
1.234742121102451635e-02
1.476501977953295110e-02
4.817774406444619642e-03
1.234677233525568844e-02
1.179370112356268110e-02
8.297368322932470106e-03
1.566407099484359855e-02
1.594005776919560358e-02
3.085012411676654395e-02
1.566430332844187187e-02
8.296055206820009131e-03
3.086316838351585434e-02
1.407396575282912968e-02
