3.029016117262593884e-04
1.696781747842592610e-04
1.195125947167026322e-04
7.365086827660789477e-05
1.537958455677378719e-04
2.998100896395840221e-04
7.148898050694614732e-05
1.195011002896031397e-04
8.434190847146080328e-05
1.054046667174769720e-04
1.614130785795293388e-04
3.950657731039875658e-05
1.053285844744376306e-04
8.415211955983770088e-05
4.290667603339222891e-05
1.619391466650229499e-04
3.920445651002768235e-05
1.653677184837597691e-04
1.058284526891621608e-04
9.005895351140774045e-05
1.645996603265755106e-04
4.346374894355559734e-05
9.032242983075424835e-05
1.053801020333097093e-04
7.302937290095079482e-05
1.423382649448591748e-04
1.700876028254229614e-04
3.212805160584297813e-04
1.433748814133243665e-04
7.309323550260931604e-05
2.770868076832106873e-04
1.532209898131823721e-04
