9.816262155868029499e-04
5.128160866096776859e-04
4.173062036210933401e-04
2.677897481923459627e-04
4.347143288907675380e-04
9.660719969999061229e-04
2.664585811109666000e-04
4.169576331503672853e-04
2.911580917490786779e-04
3.683995982811080804e-04
4.743185726865924785e-04
1.727490308444145967e-04
3.676924997909950237e-04
2.899166252190078937e-04
1.717700315164378329e-04
4.746496966957409222e-04
1.719016683859776609e-04
4.663570217110420699e-04
3.683699040388333868e-04
4.064256464726174892e-04
4.650322480781126744e-04
1.715982777480478609e-04
4.063023087082256904e-04
3.683226132149352932e-04
2.659245464238732277e-04
4.990989544282301450e-04
5.089506269951965230e-04
9.634826834990376301e-04
4.994505173159275325e-04
2.659129112535890639e-04
9.831948089598127171e-04
4.379670964824159589e-04
