1.602430279071487447e-03
7.632584037338982583e-05
1.466879857971491793e-04
-6.745065322973603603e-05
-1.983587777915514483e-04
9.500539105125278610e-04
-1.130296702144780504e-04
1.648516688143866695e-04
-3.697031279351791952e-04
5.888816909043990966e-04
1.762169834028959889e-04
9.588373488513945303e-03
6.041785497030065580e-04
-4.304683048230407093e-04
1.008927764493134510e-02
-1.055404311497167138e-04
-9.552674129703942613e-03
3.914776250441425213e-04
5.608682836599073688e-04
-3.648108221001841235e-04
-3.324957807675091108e-04
-9.906027171512659518e-03
-3.166807790806398012e-04
6.626638996141007371e-04
-4.936576018873760567e-06
-2.271785680573363306e-04
-2.742983548946541054e-04
-1.694909900040829495e-03
-2.251904944287262363e-04
-7.258760470643169896e-05
-8.891491629031881118e-04
8.666028495108409123e-05
