9.672261991375245707e-04
5.083617409385867781e-04
4.165906476280228725e-04
2.690174401470957753e-04
4.291833403214942661e-04
9.794027375803853169e-04
2.683961470470857809e-04
4.163779493889690803e-04
2.923055280703483277e-04
3.684602395542635033e-04
4.743286886286000956e-04
1.721673368471676518e-04
3.671902172757032204e-04
2.925696438041861880e-04
1.705729675183615085e-04
4.743430029270759079e-04
1.717218580008253405e-04
4.696696984723324679e-04
3.662824440401033529e-04
4.035815051601618266e-04
4.680881958143420850e-04
1.728099874296129611e-04
4.030086318006782364e-04
3.662377576883609430e-04
2.680343782219844415e-04
4.982522485185796567e-04
5.046811948425093024e-04
9.767163666098072679e-04
4.983721046963724127e-04
2.664130061976073809e-04
9.661572697635153854e-04
4.319672667574783092e-04
