-3.364645442395533493e-04
4.802088297431829963e-05
-1.214494137602393906e-04
2.531701584217841447e-04
-3.666918981057403740e-04
1.134855537210037024e-03
2.766292749286146206e-04
-1.238911890103292217e-04
4.117384438643378701e-05
3.609386105205259995e-04
3.315947650060181652e-04
9.833059449579470770e-03
4.015955599857076860e-04
4.595703887687966889e-05
9.932604578071452944e-03
-3.416497660858935285e-04
-9.414010952642753310e-03
-6.395951312798786961e-05
4.154994669547170815e-04
8.886379781142653459e-05
3.154795339776777819e-05
-1.022140114950549628e-02
6.680368422607916006e-05
3.296037810894904860e-04
2.948209113573161647e-04
-3.616677939743324389e-04
-3.728442991078042223e-04
-2.561203259462794418e-04
-3.721882635170019153e-04
3.691126346099452677e-04
-4.518719796604827384e-04
4.589706951863864114e-06
