9.594843213010369187e-02
5.130147268778138120e-02
4.237467308933023230e-02
2.639155190820801841e-02
4.276634474641433786e-02
9.565403991864267208e-02
2.636111214154078161e-02
4.232107440666742909e-02
3.000570854834504891e-02
3.743789776451619117e-02
4.652382971756876401e-02
1.693434547955860806e-02
3.746421319279670537e-02
2.993884156181556705e-02
1.677242629630159437e-02
4.644497472650473829e-02
1.675344791134957684e-02
4.697661418598375604e-02
3.746233361564209330e-02
3.854021851489971423e-02
4.689990531423368636e-02
1.693155482741434681e-02
3.848880629255002628e-02
3.745115196570451138e-02
2.632153756156494981e-02
4.880962541472706057e-02
4.987746838505921487e-02
9.639848380337701084e-02
4.874791222668647256e-02
2.633228882703468957e-02
9.520641488740898273e-02
4.425053676799636099e-02
