9.767788695910243832e-04
5.169165539997283305e-04
4.041239943754559925e-04
2.918486625376929904e-04
4.246856617685652435e-04
9.742220927029841349e-04
2.913710873379642390e-04
4.029782278470898991e-04
3.403412681872838765e-04
3.427588966665084317e-04
4.551895755620979228e-04
1.555685387468763194e-04
3.429787765021659199e-04
3.401137531019587934e-04
1.549763022119849851e-04
4.546928981310646126e-04
1.551939450620193133e-04
4.622714530582885777e-04
3.427872881079370264e-04
4.159729862412512311e-04
4.604414641647966238e-04
1.541801833938958720e-04
4.159406045251704876e-04
3.422382100535899447e-04
2.908071782526210200e-04
4.661923389099814435e-04
5.032881179994248572e-04
9.741771953926541038e-04
4.666111801507503510e-04
2.902301545473150949e-04
9.786404885974435593e-04
4.407714592344540248e-04
