9.809731325115132738e-02
5.090407492506851539e-02
4.158953618673075919e-02
2.621861742999423775e-02
4.293950279528761793e-02
9.721802333081344671e-02
2.615520333143532203e-02
4.158046498307947647e-02
2.930325867738768630e-02
3.658437792612546230e-02
4.723053776305356777e-02
1.705704209223815951e-02
3.654030519376579023e-02
2.929073017133229651e-02
1.706034135856940304e-02
4.710704739213845971e-02
1.718782148651392186e-02
4.733313986792794109e-02
3.646178310773768444e-02
4.019685173237220327e-02
4.725831469530291512e-02
1.719324921944195839e-02
4.016433751535877783e-02
3.646896878261392250e-02
2.607265877630593476e-02
4.997904976446358033e-02
5.022334512028933662e-02
9.679227570266034364e-02
4.992166363673029850e-02
2.605140298888875688e-02
9.787657865710215621e-02
4.355205123956506358e-02
