-1.402062428879293551e-03
-1.540535523774792576e-04
1.888953741618775470e-04
-1.403850455847909114e-04
-4.687561704794910070e-04
-1.422194011029838607e-03
-2.438814867264368899e-05
1.937787658130075182e-04
-6.831216253268946161e-05
6.652213800594615966e-05
-1.057161402711118939e-04
9.626197769862527426e-03
-4.121846853044694046e-05
-1.146686202414748189e-04
1.000148825703055591e-02
-9.941863939277429763e-05
-9.459831535238884606e-03
3.537766421815585088e-04
-1.778559052791265139e-05
2.789005264101448474e-05
-4.640137920930645777e-04
-9.978868813325445300e-03
6.644964130281933241e-06
-7.001384197322815350e-05
-7.115549367461680317e-05
1.353040470702186716e-04
-5.699337984283845034e-04
1.120870890657404756e-03
1.388577646794282193e-04
-1.174287038507742419e-04
1.680730975093905431e-03
-3.152423793025379883e-05
