9.620010179550448747e-04
5.054847959658273753e-04
4.258883675741981017e-04
2.609143873332291324e-04
4.243054924270306134e-04
9.686641614366072947e-04
2.611694107984129250e-04
4.255927770513367146e-04
2.977405096850347971e-04
3.713116078142904720e-04
4.639793458362171373e-04
1.702855998364281951e-04
3.712350233299215236e-04
2.974696665199730783e-04
1.681467730733490285e-04
4.652014398131280220e-04
1.708727050780290563e-04
4.656646663152517996e-04
3.717829969550230651e-04
3.981830834156077875e-04
4.647950396099620636e-04
1.692121249860857634e-04
3.977601609429647794e-04
3.704408279531478656e-04
2.612284418747556577e-04
5.007075064291653969e-04
4.970719725383652412e-04
9.653302179109579705e-04
5.014680566851567080e-04
2.598740393895810057e-04
9.646686449060912173e-04
4.351339716310322330e-04
