9.629099243330133074e-04
5.064842564795070910e-04
4.195269487508595401e-04
2.667236482485052366e-04
4.273925943249119470e-04
9.707616700536784472e-04
2.660184562790957508e-04
4.187132437516356029e-04
2.879713988460118660e-04
3.694890180267749232e-04
4.713652278937256030e-04
1.727888721093752487e-04
3.684306704131935957e-04
2.876345261581116997e-04
1.727376543990757907e-04
4.705765386483144307e-04
1.726090259044100734e-04
4.650134230884980617e-04
3.673352039246225147e-04
4.018042075137663333e-04
4.655689081654808313e-04
1.738196257493236922e-04
4.009256439066281050e-04
3.684608555857041517e-04
2.647274580251945150e-04
4.952588217950407027e-04
4.994322059697315708e-04
9.649598770701976530e-04
4.948735360959588070e-04
2.648796863833434824e-04
9.678936031831243767e-04
4.363251809360880465e-04
