9.731522934825501342e-04
5.110147309855209846e-04
4.279155629584541166e-04
2.662109212284131748e-04
4.261697800384155925e-04
9.727853517498233783e-04
2.662648807736149549e-04
4.270318889688908210e-04
3.111857905277138833e-04
3.689771908455075165e-04
4.658482844469864618e-04
1.646173924091299428e-04
3.685677306632465780e-04
3.112426535633411816e-04
1.645198218032979534e-04
4.663525999446251308e-04
1.669135388520714221e-04
4.672982605207416412e-04
3.681324710540965182e-04
3.928985555375847706e-04
4.656988428603142161e-04
1.649167484491606171e-04
3.919676142154567174e-04
3.684414236648968438e-04
2.655576732183222133e-04
4.959578788324856208e-04
4.983845347245015930e-04
9.705222177433469287e-04
4.960637675008402634e-04
2.646095535960579521e-04
9.723472498643651258e-04
4.405192232487819301e-04
