9.666523373627585250e-04
5.109202402361538806e-04
4.204474815643701488e-04
2.607825228632499681e-04
4.292359557996435664e-04
9.558354505360855836e-04
2.593863208090110427e-04
4.208869977522895702e-04
2.939626578613833041e-04
3.761446269369969142e-04
4.629792276644163719e-04
1.698993402738750973e-04
3.746502288045218507e-04
2.938881549887597438e-04
1.697876519412906313e-04
4.619148679979776483e-04
1.710925888630342835e-04
4.710863044039996289e-04
3.746240417018047663e-04
3.913663805980480657e-04
4.706865578870931296e-04
1.711275067746705709e-04
3.913457984898094572e-04
3.741176060293384571e-04
2.592440973271655327e-04
4.919021994751910385e-04
5.015889301705989340e-04
9.601041239443068934e-04
4.920918436032797362e-04
2.588653225139537443e-04
9.643873972008476601e-04
4.396958556343499771e-04
