9.703533248329472951e-04
5.075189315471889846e-04
4.189985464003693561e-04
2.656425396822215622e-04
4.265577720980995823e-04
9.668111977016639966e-04
2.650236053010276440e-04
4.181525297521374788e-04
2.957706815416686372e-04
3.737248266742360927e-04
4.632608728243588019e-04
1.687644999690392179e-04
3.734289982334890092e-04
2.952642365878888715e-04
1.680704179930150735e-04
4.616461566811163415e-04
1.689767036712767814e-04
4.677523749518467961e-04
3.731247860435337165e-04
3.955346348711026409e-04
4.683602879325786264e-04
1.706807147899400590e-04
3.948788262554316780e-04
3.729598478132426431e-04
2.641681247426605462e-04
4.894149715261022701e-04
4.981289275980265189e-04
9.696720279760123306e-04
4.895627707075882705e-04
2.643551916006951340e-04
9.693735329867203413e-04
4.380556529835113577e-04
