-3.978321080406824070e-05
5.741834518044057652e-04
1.247458577673983961e-04
2.537748315055865663e-04
-2.118020659991157618e-04
4.222897928286936420e-05
2.892068775737753898e-04
1.208570169863001415e-04
-4.262234224074004006e-05
-4.459184636678115111e-05
2.097972542321192813e-04
9.323183996708148819e-03
6.792558596025405198e-06
-7.227293960006618394e-05
1.008968317000392793e-02
-2.044484965383885086e-04
-9.896755049566486467e-03
1.267958425876522868e-04
-5.582513288237276380e-05
9.984631693365162428e-05
-2.479316641469234058e-05
-9.852535415913524913e-03
1.123868926175389292e-04
-6.209175181765850193e-05
3.621490337795388770e-04
2.036078738727491915e-04
6.746305959699358740e-05
2.111177859692244690e-04
1.941636511530190820e-04
2.655910030834784312e-04
-1.926734452223698255e-04
3.217962591399321759e-04
