9.625149132399273997e-04
5.079000028639353657e-04
4.165493199670666758e-04
2.652429332430628582e-04
4.281907392552913188e-04
9.678017561056158477e-04
2.654498235350269690e-04
4.157774687334732464e-04
2.903426925157153653e-04
3.694543934236965243e-04
4.665879610567349230e-04
1.739235024455997286e-04
3.688787468132504561e-04
2.900208010255176088e-04
1.722286076353446741e-04
4.661528733270902292e-04
1.727565632642845091e-04
4.697885762732060297e-04
3.694418324369603212e-04
3.999092223506645147e-04
4.688167592802979693e-04
1.737698542216925904e-04
3.989943423093544276e-04
3.690636243321230420e-04
2.652280838933309239e-04
4.945327547383405109e-04
5.023473799870051791e-04
9.643113077111093367e-04
4.949587235650041231e-04
2.653039091312376762e-04
9.673302561354114610e-04
4.331134138729417216e-04
