9.726972349020260138e-04
5.106699275895209807e-04
4.132256910254902219e-04
2.669728853285136027e-04
4.267818371330008237e-04
9.717965715744598856e-04
2.665229325634808043e-04
4.119484882210691840e-04
2.916228598190369944e-04
3.632139858386387843e-04
4.670662022863453114e-04
1.699667226853941043e-04
3.638824967544992397e-04
2.906756878346453653e-04
1.701437299438588976e-04
4.659565423847226474e-04
1.717386368192673506e-04
4.634631689643643683e-04
3.630082229486595387e-04
4.040607158358129115e-04
4.620107599422158210e-04
1.702661676786622412e-04
4.040561191620582813e-04
3.629680764672360517e-04
2.655977026762197397e-04
4.930845827795908316e-04
5.065814254426162294e-04
9.716445032760867356e-04
4.927881233903220201e-04
2.652626373112229423e-04
9.669358798481636572e-04
4.325233585158996721e-04
