9.709884466866222554e-04
5.067989489249317232e-04
4.146015005684934042e-04
2.641799594870015890e-04
4.320340770541651631e-04
9.778839978823378794e-04
2.642736784519932438e-04
4.157228529782735593e-04
2.925946787187399807e-04
3.620824384567002618e-04
4.703627890471667912e-04
1.704149453012719368e-04
3.616870666063677414e-04
2.911987337668210120e-04
1.706283148589369440e-04
4.708479041037396686e-04
1.700636954669358593e-04
4.753002392786766315e-04
3.616214225653108260e-04
4.044320370795816805e-04
4.748873736301219132e-04
1.723400565407637633e-04
4.037882708734327102e-04
3.607575361242123147e-04
2.624982754924186520e-04
5.014000274717127746e-04
5.042239695542478006e-04
9.739429982609254131e-04
5.003840758043357753e-04
2.625727363932615606e-04
9.729550056687852767e-04
4.360319392893690759e-04
