9.845168593528392728e-04
5.228152647805906156e-04
4.086904938378193436e-04
2.819602879019090635e-04
4.271282111595783013e-04
9.855330124985274120e-04
2.820034824276003806e-04
4.086707558152852791e-04
3.285569811775428898e-04
3.522967188585017398e-04
4.688407416689191953e-04
1.584824006742772224e-04
3.523205153895551315e-04
3.282198250243630998e-04
1.569142055033567859e-04
4.661197063611262478e-04
1.596658292892078035e-04
4.609953389564485347e-04
3.525084139622422725e-04
4.010622727073211787e-04
4.590597584379238439e-04
1.582253529266181707e-04
4.006069348485051052e-04
3.520798926916661269e-04
2.815071524023860265e-04
4.739225405909598481e-04
5.074325073646687679e-04
9.960387348115049173e-04
4.733278810641363115e-04
2.815271876252330619e-04
9.769210953300092471e-04
4.451864412018402290e-04
