9.536499777821999231e-04
5.140227222636594090e-04
4.287848949382318990e-04
2.595973463081300420e-04
4.314109759683303134e-04
9.522106445728542850e-04
2.594098894030431261e-04
4.283911651240190303e-04
2.966849516503792888e-04
3.738957413195291026e-04
4.670017281471612559e-04
1.697216052225239630e-04
3.740989062055982001e-04
2.969875255200169015e-04
1.697926986540888904e-04
4.657691701784948774e-04
1.699547926111293105e-04
4.688882304580588192e-04
3.743955423129634937e-04
3.947081176546648898e-04
4.675763481581603795e-04
1.694976891171800473e-04
3.944358996633923957e-04
3.746346631069607169e-04
2.594058292584412533e-04
4.911473097907931079e-04
5.042652078884403465e-04
9.567424960675183438e-04
4.900474863692739222e-04
2.584418928806825723e-04
9.542372955958549003e-04
4.424469034686375076e-04
