-1.534903221275473861e-03
3.704654821979756112e-04
-5.647547754795232550e-04
-2.280834918914436110e-04
9.402361833530672140e-05
-3.003642611019888926e-04
-1.227808852438652318e-04
-5.177950134423309463e-04
5.639615677125146701e-04
2.592851055274326532e-04
-1.380836965410180595e-04
9.620210804843654095e-03
2.299436922935818941e-04
5.986882340536858272e-04
1.008080144400129441e-02
1.454853097760114766e-04
-9.620271351490312234e-03
-3.391887782200683218e-05
1.364974239215586819e-04
3.402838208388479367e-04
8.004897624834291100e-05
-9.976348586502243806e-03
3.134897831449461568e-04
1.662728000717926947e-04
-2.456817935936255623e-05
-1.397188072457719024e-03
-6.305534737003041666e-05
3.619153433874915983e-04
-1.364155860413562371e-03
-1.582937869667259403e-04
1.473411683919358854e-03
6.682479675788762473e-04
