9.690045122490135998e-02
5.163464530213866810e-02
4.298698344426900297e-02
2.646682986193021545e-02
4.336949029106389880e-02
9.618882011092888540e-02
2.642375433312584010e-02
4.296918581532684772e-02
2.994585735847735825e-02
3.788282750169934265e-02
4.619779950191808815e-02
1.692692031738098069e-02
3.771260219207293873e-02
2.987946586443418137e-02
1.675294208118737610e-02
4.609272141140759171e-02
1.686246104224766243e-02
4.693884022423577135e-02
3.782532654497827718e-02
3.925905147684987523e-02
4.681076103450524523e-02
1.689785630505022396e-02
3.919892870440539606e-02
3.775223499544092670e-02
2.636462744818774198e-02
4.901533370284949509e-02
5.058975111440800615e-02
9.674250086228418366e-02
4.912310760155903788e-02
2.637082492948048668e-02
9.620106817980608738e-02
4.470832950204373796e-02
