9.607504604302208751e-04
5.106681586305222755e-04
4.225705615155784340e-04
2.659388523767888487e-04
4.252616292311207327e-04
9.655212451781551228e-04
2.650582867354474336e-04
4.217882445466543916e-04
3.001135496180305220e-04
3.795645221141379349e-04
4.616458770563053511e-04
1.696378727013463442e-04
3.806335714800822907e-04
2.992143602288202010e-04
1.695825068935803226e-04
4.612600634173649587e-04
1.705856238601125572e-04
4.689365454465087442e-04
3.794929629981097941e-04
4.007830008958199186e-04
4.678381387318664782e-04
1.696153392889781738e-04
4.001393113879127272e-04
3.789098700769752848e-04
2.649880322213536959e-04
5.001866126324354617e-04
5.013352358386885272e-04
9.588369100474781505e-04
4.990063744888617678e-04
2.641853780062543419e-04
9.651750270586702740e-04
4.344019948221358057e-04
