9.634514213249035022e-04
5.105346572878373184e-04
4.261125691468096261e-04
2.600188800159090375e-04
4.299244508965108691e-04
9.655907667509012722e-04
2.607732944909466077e-04
4.260776963129593521e-04
2.969235449253308139e-04
3.742401098993318985e-04
4.711586836806419976e-04
1.710693823917755366e-04
3.738123215551500248e-04
2.963792944321944891e-04
1.689748341818084665e-04
4.713377610939521885e-04
1.706035712121641772e-04
4.693902678201973652e-04
3.737972173514460717e-04
3.996506788797504132e-04
4.696563082891408425e-04
1.700204214767372479e-04
3.980688783756876803e-04
3.730415635618988162e-04
2.600326750238654105e-04
5.021594361996893933e-04
5.022679301654473048e-04
9.664014089604321209e-04
5.019281173600675288e-04
2.591007913974780505e-04
9.652816169081162960e-04
4.391998798544640608e-04
