1.389714137716773759e-03
-2.881035637768421622e-04
-4.878769918024275553e-04
1.980701986087756719e-04
-4.875769639396465636e-04
1.786070365711837178e-03
2.224519670824113865e-04
-5.099160848078095531e-04
2.314076832211216749e-04
-3.399537126669558199e-04
5.346381719282293976e-04
9.716972433520980335e-03
-4.050731768114726244e-04
2.086119848340850090e-04
9.960647089560440218e-03
-4.988871130015529350e-04
-9.425047762526183454e-03
1.441605540353187100e-04
-4.228068615319571745e-04
1.474782035099471888e-04
-6.600297937029770594e-05
-1.003054406488812327e-02
1.515955230768049346e-04
-3.816923776041880340e-04
2.889803113278471163e-04
-7.572916294141819040e-04
-6.455921739723961220e-04
-1.710865591239614123e-03
-7.577681140814936274e-04
2.791709210056676446e-04
-1.440877023104732233e-03
-5.102181476426161094e-05
