9.669939102562734356e-04
5.058728880421273395e-04
4.160953839458978679e-04
2.662144848433020856e-04
4.286537496010849025e-04
9.740446118180318656e-04
2.658004914798604000e-04
4.154521037551232735e-04
2.916731085309700699e-04
3.695100479028029582e-04
4.725983517895415795e-04
1.724205118899686513e-04
3.689781811183818518e-04
2.907296141031322115e-04
1.714104712725821977e-04
4.719790468612710776e-04
1.710966429745016607e-04
4.713772595083709385e-04
3.696441867486899985e-04
4.028896812070246786e-04
4.701521968355550107e-04
1.730915584255841486e-04
4.028855250645495267e-04
3.686963847907904937e-04
2.652292799175165927e-04
4.953431867532076018e-04
5.015029211472717650e-04
9.694066719002942135e-04
4.954151433562919244e-04
2.646107209472523393e-04
9.725545041952535132e-04
4.327529875709895104e-04
