9.699047511908651109e-02
5.103264203388142156e-02
4.309008923246924333e-02
2.638954984970015571e-02
4.261165819115565051e-02
9.728891335653397365e-02
2.627584423561886776e-02
4.306398974499607568e-02
3.016180718516045176e-02
3.780414742979928272e-02
4.634628033877405406e-02
1.709738573043637772e-02
3.771485110885351016e-02
3.003023995337184698e-02
1.714188427993906805e-02
4.621908677474702992e-02
1.703526328892312341e-02
4.637175251811766208e-02
3.769476429549898505e-02
3.969968748018152388e-02
4.630663249406943849e-02
1.711587373961559119e-02
3.967591110889064077e-02
3.766614530705515718e-02
2.612220279974351508e-02
5.014464975694415266e-02
5.006457689533179434e-02
9.666106353970294052e-02
5.006902722169184056e-02
2.612127097365441256e-02
9.799079756574068101e-02
4.365978188879020977e-02
