1.655510750898786385e-05
-4.243769892125617756e-05
-3.164362144616089710e-04
-8.594619862543007515e-05
-3.814728548192695100e-04
-5.071379699064978422e-04
-2.039671844191423588e-06
-3.471661165685160054e-04
3.818441392184826607e-04
-1.644314362503385184e-04
-4.851709518353587865e-04
9.763306500043688121e-03
-2.546333582994966664e-04
3.932031689184806124e-04
1.004304948283214587e-02
5.066467542818996628e-04
-9.544979604247716409e-03
1.894100902901894596e-04
-2.548633102020503283e-04
3.645925406153593994e-04
-8.941816313397070448e-05
-1.009840180436595396e-02
2.875989749499037072e-04
-2.530277568854542836e-04
-2.029415979696880143e-05
-7.891833537968347611e-04
-4.259970563275605705e-04
1.003594355126891097e-04
-8.402788081292836189e-04
-6.885503774183189410e-05
4.003245348238643111e-04
-4.373214071927955742e-06
