9.841934023689302355e-04
5.077713770696521550e-04
4.114410432344236569e-04
2.682565704198378574e-04
4.338154737709859227e-04
9.748144704783207526e-04
2.678281963079789441e-04
4.106847766424941582e-04
2.912101394192889649e-04
3.611735286548454918e-04
4.782316370408238692e-04
1.711500373244857732e-04
3.608459712662973073e-04
2.902645804832697804e-04
1.707392769473323559e-04
4.775803728268942128e-04
1.725517762466876508e-04
4.688016847828170119e-04
3.606302228948890369e-04
4.057632899789136139e-04
4.671616881799596412e-04
1.705570077666791187e-04
4.052430404278605587e-04
3.608377916328864960e-04
2.675708474219029012e-04
5.020496515526899108e-04
5.037534624744358222e-04
9.788310005830697189e-04
5.013665536200659660e-04
2.677071154072430646e-04
9.731498732599480530e-04
4.370956497202943590e-04
