9.672296390845120957e-04
5.150544096409689649e-04
4.224999119603845498e-04
2.641072991159287733e-04
4.280206752971470706e-04
9.615566007225083249e-04
2.633299355491442026e-04
4.224254029123279946e-04
3.047907416655110569e-04
3.780912707651648422e-04
4.662895439810664576e-04
1.684665547809796019e-04
3.786685455642540654e-04
3.041655471861871071e-04
1.689864766374465910e-04
4.652389856358504230e-04
1.706401962534014754e-04
4.683156671069142155e-04
3.779864707006007525e-04
3.880799729245576458e-04
4.681889675319930787e-04
1.693523557632822243e-04
3.869469290603729504e-04
3.775869997692648931e-04
2.634608782465361256e-04
4.942006451925345760e-04
5.002622013587684335e-04
9.613374151636874332e-04
4.936883875629647332e-04
2.633754255629960754e-04
9.664687078370194162e-04
4.445348451690885874e-04
