9.700258820726831432e-02
5.159908248931729252e-02
4.264984331127807948e-02
2.624846202400579753e-02
4.299146064587323901e-02
9.772298201290491315e-02
2.613385188690543759e-02
4.265400913256307824e-02
3.048264599624842322e-02
3.755837852561082907e-02
4.673256337650288916e-02
1.684561453221661634e-02
3.751585203250738104e-02
3.042690275421849541e-02
1.690683718774551106e-02
4.660654317492439469e-02
1.687005627659412046e-02
4.657797986668409107e-02
3.753279524517905141e-02
3.893168848832549711e-02
4.649476089079477431e-02
1.690591683248046304e-02
3.892606761473535459e-02
3.746332655028971476e-02
2.607852543219651292e-02
4.950772651854822709e-02
5.024832701702102583e-02
9.688489786057136177e-02
4.943914321013784252e-02
2.608626344374032763e-02
9.750097177154685990e-02
4.454077069307443848e-02
