9.792031107808193968e-02
5.134161878584614369e-02
4.297770641955989124e-02
2.597872921448303798e-02
4.256295675167150183e-02
9.761058648842357854e-02
2.592834940945202421e-02
4.288299849491521848e-02
3.018728568842986293e-02
3.750362949457431566e-02
4.641986351012489936e-02
1.667632846383647685e-02
3.751315002044957464e-02
3.017216496618236113e-02
1.675472820646287803e-02
4.645816336289659149e-02
1.682199449702708252e-02
4.605028471633278164e-02
3.748600643911231128e-02
3.909225105500739594e-02
4.611814427772147756e-02
1.662308802255027182e-02
3.898984010909149756e-02
3.755298617982252146e-02
2.588967802984010538e-02
4.974922868736335324e-02
4.992936095052736417e-02
9.826536888054271390e-02
4.962678104371653909e-02
2.583193815488040584e-02
9.738688937184471206e-02
4.416168908072951732e-02
