9.852227318092966757e-02
5.250268885201766350e-02
4.130060771262484415e-02
2.773742731567501937e-02
4.297939174497843878e-02
9.811037281164898538e-02
2.765628449926385568e-02
4.114306387158225137e-02
3.233116540849062526e-02
3.564213632987590225e-02
4.653292064184234855e-02
1.622087508296614008e-02
3.561570283356180200e-02
3.226024975715508641e-02
1.611468106519669402e-02
4.652286360579248325e-02
1.613917076477117823e-02
4.603568501606522534e-02
3.563979967102326452e-02
3.967639350318449831e-02
4.605694961266122711e-02
1.621196139824430255e-02
3.964585438658554256e-02
3.559214285472623446e-02
2.767669733867492154e-02
4.743160625542290620e-02
5.091463225456187985e-02
9.877126057431642736e-02
4.741715840285951750e-02
2.764170665132794844e-02
9.814543478965639944e-02
4.475409370875479270e-02
