9.715947509564247520e-04
5.035774954424924316e-04
4.121204656722994727e-04
2.673232389173612385e-04
4.251077684672385001e-04
9.672801741334725563e-04
2.665180039258819569e-04
4.115444632816693364e-04
2.906672220968977718e-04
3.630115801992257925e-04
4.771632287653730848e-04
1.702607289639652402e-04
3.627365963525563714e-04
2.899400403412102228e-04
1.669488246309705926e-04
4.758612238525781329e-04
1.692283543965637717e-04
4.699335361310029977e-04
3.619751540364993790e-04
4.029787807419702773e-04
4.695114729923582095e-04
1.699740364906640155e-04
4.027418133243484337e-04
3.619945690131519487e-04
2.653722371190570754e-04
4.964345240315220847e-04
4.987060808993951664e-04
9.736063393737490624e-04
4.962525710067074982e-04
2.659303424724279632e-04
9.652071270063331205e-04
4.313078251194665900e-04
