-1.271586964612731602e-03
-3.378051554193460624e-04
-3.102408694176625220e-04
-5.900593076591689572e-04
-7.208780509492347319e-04
1.567024455026878188e-04
-6.796800340031731048e-04
-2.793166144363240250e-04
2.038020111235875091e-04
-8.541052770755528994e-04
-4.855466504227417103e-04
9.766825733902619044e-03
-8.303593052147066134e-04
1.403690795328758607e-04
9.748122363323901904e-03
5.209756319136329842e-04
-9.431874854266046604e-03
-2.706819727606867725e-04
-8.130530879612862544e-04
1.519443082025255065e-04
3.697726979069719424e-04
-1.026710989686550370e-02
2.172456845541748181e-04
-7.994695910695072752e-04
-6.591174430745974904e-04
-7.260444812749313284e-05
-7.859982194304460275e-04
1.247158248373882823e-03
1.291676311909972784e-06
-6.484901442790231294e-04
-1.079966979147347397e-04
-1.899069403034333908e-04
