-1.182818465097187953e-03
-6.852911499970941542e-04
1.372364827141180250e-04
1.547491323566697104e-04
-8.995873308682805596e-04
-3.744560042000661922e-04
1.704577677170224660e-04
1.529616818323005414e-04
9.696053195581513817e-05
2.602181978355502909e-04
6.695214127956438744e-04
9.849008612756402284e-03
3.399593196945217529e-04
1.839904545356999368e-04
9.975637297741491924e-03
-5.262454303711921891e-04
-9.383252850406767487e-03
4.243736643833482744e-04
2.389219267311461529e-04
1.232446095004814722e-04
-3.665940292938052632e-04
-1.012923965517875495e-02
6.703655758631665016e-05
3.272357239964211306e-04
2.538338492831370558e-04
-8.086145532665163754e-05
-1.261552202836924977e-03
4.383983403083828185e-04
-7.957277116449200827e-05
2.146035689385754558e-04
1.168346189629553174e-03
-3.444202359387711371e-04
