-1.574896825520683387e-03
1.128786368803186019e-03
-6.123529196404833754e-04
-1.382584937611900327e-05
5.803955779998264293e-04
-1.014754376893270806e-03
-6.267170703658923902e-05
-5.938094359381542202e-04
2.693858152837300769e-05
1.864660635816045402e-04
1.505103465953065939e-04
9.746570817671020709e-03
2.002079062314757012e-04
5.827421550765836801e-05
9.845244664075275196e-03
-6.547164781826942987e-05
-9.417919857660817656e-03
-1.544401356770925724e-04
1.870302227445552257e-04
8.415474035747921812e-04
3.398100218903715285e-04
-9.996788517538072669e-03
8.126546394440688778e-04
9.995388768075001511e-05
5.701026392910801980e-06
4.210936518057162005e-05
4.620259396949275791e-04
2.015368064970538085e-03
-8.940613428365510181e-07
4.739926808932892586e-05
4.981948575310840999e-04
1.306596965690837121e-03
