1.289220617314207123e-04
3.063861330010920906e-04
-2.421481420397227839e-05
4.677616829798310794e-05
-2.074508697932115502e-04
-1.755133750610660516e-04
2.978080920333170487e-05
-3.108459596048944977e-05
1.401865805740763622e-05
9.749421369828343274e-05
-1.185201515124448127e-04
9.628398939454784616e-03
9.832503158706479632e-05
1.797362846412456813e-05
9.994704852201724207e-03
1.269838295080856743e-04
-9.588355523944857781e-03
-4.541736970605785056e-05
5.887871247000211144e-05
8.994151469244076518e-05
4.392926806278626181e-05
-1.005598087554118031e-02
8.372827682021764968e-05
5.030588386468890427e-05
7.811270937469807498e-05
-4.735116082178763051e-05
-1.839050564944416882e-04
-2.689717183931655291e-05
-4.499668585871675842e-05
8.707957885274751131e-05
8.440312318471553219e-05
2.701514895587024917e-04
