9.695447449301072829e-02
5.066817898973777212e-02
4.129159605838710057e-02
2.648189258500481189e-02
4.274210214262692126e-02
9.672553413851993354e-02
2.632144248502866699e-02
4.113284076769010283e-02
2.899495988567478075e-02
3.668004821006800448e-02
4.703544558890654370e-02
1.718813930293602507e-02
3.663576383187644447e-02
2.895111778651229470e-02
1.714613530472990088e-02
4.688306135096943078e-02
1.732243135848672913e-02
4.637989452572278265e-02
3.650601274769667282e-02
4.004514558456925138e-02
4.628759184066133514e-02
1.719288550302514040e-02
4.002137426788387325e-02
3.665229204359932158e-02
2.628725934484716503e-02
4.980949126593479243e-02
5.028636922958303057e-02
9.698324201701019609e-02
4.978598846287501933e-02
2.624111537295527666e-02
9.629988624936240693e-02
4.322309299456043169e-02
