-1.472351556783072987e-03
-6.934139083325861590e-04
1.770181642683889354e-04
3.174646185433157371e-04
-9.641083234742591846e-04
-1.520023190134697604e-03
1.955400460474821401e-04
1.824697192816235921e-04
-2.204557501811171935e-04
2.713875564643394465e-04
2.020247317688621963e-04
9.902589160181310760e-03
2.693688855687060126e-04
-1.771696085783633465e-04
9.819889296675913051e-03
-2.476290161701571427e-04
-9.586659049647233352e-03
-7.529683632387727647e-05
2.790606042136613914e-04
-1.735026402200504225e-05
8.970444950820667858e-05
-1.048506151868989697e-02
-7.282864966603537599e-06
2.483557303196568715e-04
2.578460219158956908e-04
3.761358553624371192e-04
-1.265341567250596226e-03
2.057078074462731932e-03
3.369483237537686401e-04
3.180711937738600332e-04
9.047032548637741565e-04
-3.659370103127799166e-04
