9.822641744800214136e-04
5.081730636517170366e-04
4.181928588003578241e-04
2.681053939165620030e-04
4.302265863252320425e-04
9.848107280593331164e-04
2.680403628789871013e-04
4.175790273239964262e-04
2.939343342005692182e-04
3.681743001107891139e-04
4.704491392998082417e-04
1.730931283828411192e-04
3.675236537993146796e-04
2.934874528669934078e-04
1.711826598208759985e-04
4.683094348371145900e-04
1.716265185670865694e-04
4.731667791458563023e-04
3.675037734478610232e-04
4.093874116464236426e-04
4.727790654776582832e-04
1.733908354589639919e-04
4.081227085312585869e-04
3.679754937917748166e-04
2.673476685922221408e-04
5.009478793869643568e-04
5.038227197113258164e-04
9.903641498023414095e-04
5.005895147118868960e-04
2.667412391022720795e-04
9.813353734204166134e-04
4.345743049160554752e-04
