7.658750625420328133e-04
1.038741271888306500e-03
-3.968852124179037206e-04
-2.465691978465430530e-04
5.337150273961971088e-04
1.249017409486228398e-03
-3.348508049952706725e-04
-4.354961857101480034e-04
3.082331248062800989e-04
-7.960917152939778760e-04
3.557058497307115179e-04
9.729049916099033468e-03
-7.264968803744497510e-04
2.552793296159049574e-04
1.001261815927493269e-02
-5.780545767495644943e-04
-9.554006315472414121e-03
2.473747855768496312e-04
-8.268924077246310456e-04
3.905792372450632237e-04
-3.900773621360524405e-04
-1.007808035438225412e-02
3.955238411391253663e-04
-7.537922606857190870e-04
-2.739865443175507108e-04
-8.888046360918962880e-05
5.303318905018019518e-04
-7.512520347172103310e-04
-7.767788723118571829e-05
-2.318147260611405180e-04
-1.294320435603215236e-03
1.054383621671822410e-03
