3.595481397928095512e-04
3.267957130949202481e-04
1.365404244896481966e-03
2.910562773865828530e-05
-1.256405802889251133e-05
2.562850014878269387e-03
6.327617834519456475e-05
1.343972186626916096e-03
-7.023351389782344148e-04
-3.096661755399745370e-04
1.060728839498048916e-03
9.635960656688149009e-03
-3.257795273913427817e-04
-7.308506658346341838e-04
9.933865057270157423e-03
-1.129717444102450912e-03
-9.485476301963211010e-03
9.514254474351291953e-04
-3.854723614177800743e-04
-9.087074312783616822e-04
-9.718868057411659926e-04
-1.013038492084078479e-02
-8.196377598645401179e-04
-3.904351550277973602e-04
5.860235986014026140e-05
1.700697853962519551e-03
-1.766564296395048447e-05
-1.609883049465393474e-03
1.739373779968818486e-03
2.698979779105647556e-05
-1.342037003986333099e-03
3.086551454089990964e-04
