9.703626449200915272e-02
5.094443810280489121e-02
4.281976994522822266e-02
2.639826952451298711e-02
4.257475180831257755e-02
9.645950624374889648e-02
2.627855732928277913e-02
4.278682746441998114e-02
2.994385337167853808e-02
3.760244346217949535e-02
4.717577242544600952e-02
1.688311593009744066e-02
3.754629820225122150e-02
2.986069508522756419e-02
1.696123357705648510e-02
4.711796379842224380e-02
1.700334131450860140e-02
4.620234331530907734e-02
3.750942631159712159e-02
3.893804732893690196e-02
4.621781412616644130e-02
1.706825600793385883e-02
3.889047554321103939e-02
3.750297228655236764e-02
2.622550807399065542e-02
5.044086784937251017e-02
4.988725460010760837e-02
9.583031507730614684e-02
5.038628967861570607e-02
2.625427008761785710e-02
9.694530504359417933e-02
4.392343124110557884e-02
