-2.446223305671616464e-04
-3.629824544220435346e-04
2.811342899793650599e-04
-3.227922987774490930e-04
-8.512889384247749117e-04
-8.508984430059675190e-04
-3.007212255296009044e-04
2.047139233007994801e-04
-1.291734852651980653e-04
-5.505127219750957732e-04
6.470332826306626752e-06
9.606173782218159138e-03
-4.697467637142495539e-04
-1.605738435052948094e-04
9.959851596369377960e-03
3.808358756192812194e-05
-9.580511852175198351e-03
5.054594704391533310e-04
-5.593118766113366327e-04
1.199028890957443524e-04
-5.137126357615889264e-04
-1.000149369864100288e-02
1.565234926889174608e-04
-5.571146388171151383e-04
-2.988430925224888277e-04
2.718011152062735662e-04
-9.475548646224534691e-04
4.372371887345237793e-05
3.265265687338879982e-04
-3.317769943959649739e-04
1.097407076686274848e-03
-3.357892520883343852e-04
