9.564059641231253180e-04
-1.840732524000326616e-04
4.343080052268093313e-04
-8.566859404871371040e-05
-3.937745110985695551e-04
1.905813455136284038e-03
-1.482188548726472090e-04
3.563506429013293020e-04
6.119816131012157051e-06
-2.120331477522464534e-04
8.593882671763530823e-04
9.980051093875133561e-03
-1.789321394570714068e-04
5.304338560814565632e-06
9.751305669947933977e-03
-8.539009550414018582e-04
-9.358805671398837123e-03
8.698442685213509220e-05
-2.441595990302170634e-04
-1.978723549465692124e-04
-4.035246780439842481e-05
-1.028293236660541080e-02
-2.050314309110414911e-04
-2.350009857977850025e-04
-6.435772815260332473e-05
1.639891896110517587e-04
-6.154789993715190565e-04
-1.217175202384634036e-03
1.540003027047112075e-04
-2.715191497702973471e-05
-1.709823782222509494e-03
1.117015215010353418e-04
