9.618142804127616241e-02
5.178990151630114697e-02
4.199064153136055494e-02
2.628229973373099465e-02
4.324809898655452428e-02
9.654714432341469921e-02
2.618696163633325510e-02
4.194915599161505582e-02
2.955598565282935991e-02
3.732476136980070885e-02
4.609625780945371398e-02
1.715678914270745217e-02
3.736832550844981782e-02
2.946797115840217932e-02
1.698408068798576073e-02
4.606096427059076098e-02
1.710145511084440809e-02
4.703482281489860389e-02
3.735237548787386647e-02
3.923601679858696595e-02
4.704757154541041458e-02
1.721959172632141558e-02
3.921516764518883508e-02
3.728865318634327214e-02
2.617471381590015869e-02
4.930382332065207096e-02
5.077863572190007696e-02
9.677829753304403870e-02
4.924778081749365405e-02
2.618243280995751973e-02
9.619540480282438855e-02
4.428590384588668855e-02
