9.696554181075441037e-02
5.173017674142348088e-02
4.235694287387817281e-02
2.674390286120676904e-02
4.329458570098868031e-02
9.752579395518631844e-02
2.668786404219855926e-02
4.225149840994074646e-02
3.109939567021430262e-02
3.640752683275456231e-02
4.605175930542824980e-02
1.617951852010620500e-02
3.639900934234577279e-02
3.099493905371337316e-02
1.641050382931323950e-02
4.602231507902872221e-02
1.645045716403561314e-02
4.609495354350087726e-02
3.642062743570815414e-02
3.907965027125793328e-02
4.598433558818727784e-02
1.633305707185801411e-02
3.906354833366680601e-02
3.638564618017298830e-02
2.667372488271799527e-02
4.889974419596562760e-02
5.058152965948958801e-02
9.659893034419898827e-02
4.886893474227405054e-02
2.663572761354720056e-02
9.734886572211115530e-02
4.475096511263119969e-02
