9.701579586083625140e-02
5.075848771426042655e-02
4.256123567473332758e-02
2.616608713422175631e-02
4.305328257234947859e-02
9.667941107379306176e-02
2.610828047911121011e-02
4.253814318918722193e-02
2.996363541407459988e-02
3.707834086251789174e-02
4.696317172870227014e-02
1.730722136642188699e-02
3.709389980170133688e-02
2.988287004379208342e-02
1.732340492400864448e-02
4.680138345118074750e-02
1.722213422379787612e-02
4.719561593677330108e-02
3.705928147064056766e-02
3.975237740617702104e-02
4.703309829229196382e-02
1.722336038395893762e-02
3.971859142340719573e-02
3.701472192428236635e-02
2.612726292309644135e-02
5.014149655372942410e-02
4.997495719486643589e-02
9.655314907804948832e-02
5.006410785538419755e-02
2.612552277340873114e-02
9.703236997418325516e-02
4.385642686355221975e-02
