9.646223393156755409e-04
5.111497310078076933e-04
4.219609042387479302e-04
2.624662721043367745e-04
4.258053706256032531e-04
9.743572137264920391e-04
2.618483802716082198e-04
4.216899955982376892e-04
2.978057353722981561e-04
3.740833204718127590e-04
4.682191261858047225e-04
1.707065740764723014e-04
3.731564820108602921e-04
2.970491366945447569e-04
1.709951394701049107e-04
4.684906215497573094e-04
1.737652525118776057e-04
4.675392253885524369e-04
3.742173851000704697e-04
3.997076763404047565e-04
4.669418829937718642e-04
1.709810175716638047e-04
3.999393645957103737e-04
3.736961618155876979e-04
2.623935180408570986e-04
4.949970904569578464e-04
5.028357721409198663e-04
9.687904734109676263e-04
4.948695936117630378e-04
2.620344804490989813e-04
9.766057423110181736e-04
4.346160561063814503e-04
