9.586457932790071190e-02
5.143027135372339048e-02
4.291549202727253098e-02
2.641791544248458037e-02
4.288737510030690703e-02
9.708173922179708093e-02
2.639500876705683577e-02
4.283624703820729240e-02
2.988934371904313630e-02
3.792567721383877100e-02
4.668025134162173684e-02
1.679260723303852704e-02
3.784565604802061362e-02
2.980234783031162488e-02
1.692263632356049569e-02
4.651420395691251847e-02
1.681661177505976851e-02
4.691062552797853336e-02
3.782969234243554330e-02
3.887232956956700181e-02
4.661691698026390607e-02
1.688174222087609685e-02
3.885910196189604898e-02
3.785386799965477500e-02
2.635359299908462266e-02
4.978785878530512382e-02
5.014858618324693346e-02
9.565794627892280910e-02
4.980131845424887183e-02
2.630188446519770434e-02
9.710334201123441145e-02
4.435264997814982596e-02
