9.840193610559584692e-02
5.198379469847017736e-02
4.389360459055770269e-02
2.669351106357078368e-02
4.334013238485413116e-02
9.761482308525688822e-02
2.660054206502340118e-02
4.380510060864151178e-02
3.106590012681077762e-02
3.743559104765151885e-02
4.694075838364742542e-02
1.656690537172270453e-02
3.738155270909919448e-02
3.108669464872248697e-02
1.658197313273889612e-02
4.691881752901871927e-02
1.658550716708951170e-02
4.688112045354871082e-02
3.744222145943296165e-02
3.948993660163090114e-02
4.668919789741012016e-02
1.649625365210374145e-02
3.948570657738685596e-02
3.736907422510323679e-02
2.669808203297171709e-02
5.013986097724469626e-02
5.078422220583213992e-02
9.785256840964384750e-02
5.017143078560227371e-02
2.659630793211693184e-02
9.818450623776375785e-02
4.463314550565381650e-02
