9.700723149642129228e-02
5.223497358229656912e-02
4.096507422031223783e-02
2.824039302690850572e-02
4.267831301058572918e-02
9.635340194353529675e-02
2.822721374789524326e-02
4.090492303523241696e-02
3.354739984705473743e-02
3.518269695634772959e-02
4.606021385576829913e-02
1.584982661893880387e-02
3.521019519968034139e-02
3.346729405503134913e-02
1.578102783863310696e-02
4.596842569019130714e-02
1.581805230743261667e-02
4.604865072828406847e-02
3.522018785742281333e-02
4.076331009536779404e-02
4.588983406180427438e-02
1.594651099236554445e-02
4.078438526146925536e-02
3.517112778485992353e-02
2.818889997053514868e-02
4.713921499258512393e-02
5.070401719981024180e-02
9.755127418434011988e-02
4.721664954715430740e-02
2.817433934199863738e-02
9.648324172189544357e-02
4.428784538691521444e-02
