9.742328568288689296e-04
5.139385192030167596e-04
4.087838449370808248e-04
2.637128274150786033e-04
4.340849174772493926e-04
9.774044368499905031e-04
2.635364128649692961e-04
4.089170815618869254e-04
2.909286836736246881e-04
3.610862350703820424e-04
4.715798188197494367e-04
1.705958858035891727e-04
3.607911412217074056e-04
2.899403871312329736e-04
1.726257223907626953e-04
4.702712420009443192e-04
1.719646228984436902e-04
4.739732451914746374e-04
3.598283388837537661e-04
4.042473105257563069e-04
4.732313237143640806e-04
1.714697764587947695e-04
4.034384805259987614e-04
3.597981627446987258e-04
2.628442063428655705e-04
4.963756545397353089e-04
5.100253999169742074e-04
9.738857344007066609e-04
4.959209269021565454e-04
2.630804957845603873e-04
9.764533251278592705e-04
4.380391443456498925e-04
