9.797866506411289332e-04
5.197554611822273896e-04
4.009347465277225946e-04
2.886376988914367021e-04
4.243948815294422460e-04
9.699669314056978513e-04
2.882823958737027446e-04
3.999355590752593122e-04
3.427671483966087556e-04
3.444737423050591428e-04
4.557730370535123055e-04
1.566744187192606374e-04
3.448167450588459585e-04
3.423614588935900761e-04
1.554659345525284935e-04
4.566376260828961648e-04
1.566215688380207308e-04
4.624907255224559410e-04
3.445824032511982907e-04
4.156845863838387698e-04
4.609617984857440707e-04
1.557256055503937410e-04
4.152624242128989218e-04
3.443313892247985169e-04
2.880717347679080166e-04
4.611046972944068891e-04
5.063969150014460251e-04
9.820570996185353646e-04
4.603172265287618038e-04
2.878032256428742809e-04
9.720933213920013825e-04
4.390773220151814038e-04
