-4.054430311369347875e-04
7.247823074158989305e-04
3.035513224023158577e-05
3.358694295766845870e-04
-2.851181385817152120e-05
8.024919298073513504e-05
3.094878730644680517e-04
-3.392475800746289825e-05
-6.269194346844220622e-05
4.159261373668134555e-04
5.023786769266658106e-04
9.523271409538677096e-03
3.568236661361457373e-04
-5.525756792551868882e-05
1.021023359085529610e-02
-4.733392521178094608e-04
-9.880539255869073140e-03
3.504066821535370998e-04
3.219053765117959047e-04
5.360955795095280208e-05
-2.643684115749634148e-04
-1.001399425959041169e-02
2.753898611341133531e-05
3.090118919096008490e-04
3.955200944399507135e-04
5.837129533790751194e-05
2.058379057439870018e-04
-2.309003504926665146e-05
1.539300951133349988e-05
3.615535002370612186e-04
3.227903735152137040e-04
5.126099172097774463e-04
