9.831472725748166379e-04
5.145660037201862068e-04
4.308725430001929366e-04
2.644245249097201562e-04
4.325561228391893516e-04
9.804588167530543189e-04
2.636651447896347128e-04
4.308598682443473657e-04
3.049437128143406045e-04
3.763307153480805454e-04
4.654090083799615626e-04
1.675321096280489835e-04
3.755948196782050129e-04
3.045076350050972551e-04
1.693868111871058436e-04
4.660631980235841430e-04
1.686884289755460659e-04
4.668128608789397379e-04
3.755666451600305714e-04
3.849023154075484495e-04
4.655552967640733141e-04
1.685612438211025641e-04
3.841238107499000986e-04
3.756065975171181490e-04
2.641019436290941726e-04
4.951210682898580942e-04
5.036118107765029557e-04
9.735833438744967818e-04
4.941387723012447431e-04
2.633956339847468974e-04
9.899893055186485043e-04
4.449320530367285886e-04
