-8.034758174652685461e-04
-1.915660549046886534e-04
-2.645024818276786767e-04
-2.484009356467935635e-05
-7.782814090500718613e-05
-5.092784323329061814e-04
3.822236007365067257e-06
-3.430638573994547165e-04
2.864823781654044467e-05
5.678168394868488098e-04
7.449362084774217385e-05
9.899113411183161487e-03
5.223810214885377676e-04
3.389283200866317111e-05
9.799406821939575518e-03
-1.478894823227485061e-04
-9.438662152888813162e-03
-1.201126784707339857e-04
5.206535909403216776e-04
2.358197917937618902e-04
9.782741194712041483e-05
-1.031444678571428845e-02
2.055260395022896606e-04
4.654679576462036092e-04
6.954577465643733026e-05
-1.848001153271325477e-04
-5.160889997740780288e-04
6.177445308869704927e-04
-2.433215505458935252e-04
3.879321913836287106e-06
6.172311728381923122e-04
1.818977681970934852e-04
