9.632940535811458779e-04
5.119422887790512754e-04
4.306978663732258868e-04
2.630126924781137727e-04
4.289646155912231733e-04
9.659155671787118987e-04
2.618068433949611901e-04
4.312556766086183256e-04
3.062221656929352666e-04
3.773237740424268804e-04
4.636395297512407149e-04
1.683153889864214057e-04
3.771030220899217948e-04
3.050813887340102205e-04
1.669190362359700272e-04
4.622416914042813837e-04
1.668341423533995307e-04
4.657099138735412637e-04
3.773282536768423527e-04
3.928757302294798521e-04
4.650486969383897814e-04
1.684606048376312021e-04
3.929836042228474434e-04
3.761462019624441100e-04
2.612359735867656385e-04
4.965596660158594746e-04
5.019564784757562115e-04
9.725554430224123224e-04
4.962158682427195199e-04
2.610467985238210890e-04
9.585455034467615931e-04
4.418139285535534308e-04
