9.732339196337065320e-04
5.064621653884488709e-04
4.295500134715896264e-04
2.616205593583941901e-04
4.266187417129346966e-04
9.724414833000786639e-04
2.619589452159447546e-04
4.298121004777436492e-04
3.020174116423730935e-04
3.778455659337046557e-04
4.699930927604346800e-04
1.674064999687567871e-04
3.765851059913272875e-04
3.014691999746025339e-04
1.671782511014055148e-04
4.683233804577804416e-04
1.681170553363739819e-04
4.687635049892170799e-04
3.773820088243279324e-04
3.859225119615619800e-04
4.673054002372621684e-04
1.682538246460118668e-04
3.853418118706093513e-04
3.764991361784857256e-04
2.611169245136152795e-04
5.001333208314605100e-04
4.957115868773151078e-04
9.664273475289203094e-04
5.010441390811233228e-04
2.608116414523451321e-04
9.782909596920841971e-04
4.395159307081619292e-04
