9.682314655142492798e-04
5.195439733128539477e-04
4.313507181525390050e-04
2.610687884421912974e-04
4.311062421840657186e-04
9.777553948660264518e-04
2.603673344698366563e-04
4.308845520952094780e-04
3.030687796956689018e-04
3.792706936812694006e-04
4.677571997397285148e-04
1.701001519851238011e-04
3.795399038990953018e-04
3.028929265810078567e-04
1.693028586195242209e-04
4.670504691461225535e-04
1.698223090271629100e-04
4.598436316062974095e-04
3.793805449073057090e-04
3.895143036201672410e-04
4.598535118621907385e-04
1.699489281598825087e-04
3.889460589827150195e-04
3.787859178223100965e-04
2.603842949822787354e-04
4.994700436428122512e-04
5.079813278894108408e-04
9.732483148241816064e-04
4.986216354321939322e-04
2.598669913601021723e-04
9.680893641831920604e-04
4.438369629163079659e-04
