9.707862989071998393e-04
5.106976287092191867e-04
4.248107743067064466e-04
2.634014139353537342e-04
4.294854004460535533e-04
9.716426282955181433e-04
2.609876537465897540e-04
4.244044934959294757e-04
2.939775644861782945e-04
3.712458982873779946e-04
4.669142030144790567e-04
1.716416842608400927e-04
3.710166791828956880e-04
2.931233483766480644e-04
1.703487200629113314e-04
4.653827374069396255e-04
1.715938502386518585e-04
4.646116861205414322e-04
3.707966903302068492e-04
4.009943748295231630e-04
4.642339675374942813e-04
1.734083487669867574e-04
4.014350670746730265e-04
3.707592430795629535e-04
2.609044001990269202e-04
4.955118968885849047e-04
5.031352656731916031e-04
9.748824536083218516e-04
4.952550880715760745e-04
2.611703975067653188e-04
9.621964974979947465e-04
4.384454620798026786e-04
