-1.699538756876207979e-03
8.433825933189247493e-04
-4.439024477250598055e-04
9.836523484549410969e-05
-5.851188874827591071e-05
-1.292559406982041366e-03
1.548893835905912439e-04
-4.960790567368210434e-04
7.044454940493339364e-04
2.009904668137155160e-04
4.682039937056871695e-04
9.404620051407507411e-03
2.795395858300650494e-04
7.034206665216913117e-04
1.020835653193069917e-02
-5.556253672384831336e-04
-9.713338217588241008e-03
7.537977760324946191e-04
1.737278789017637987e-04
1.056874308078153990e-04
-7.585383007463939418e-04
-9.808819629692808184e-03
6.283541327609927323e-05
2.436853374342408363e-04
2.707194140272602243e-04
-1.594210648160425273e-03
2.170007929822175311e-04
1.188219985091053558e-03
-1.691285607759176806e-03
1.204563014876208521e-04
1.757212358730677942e-03
4.802524895424917445e-04
