2.306008769986222801e-03
-5.937084002847278644e-04
2.152671552406112162e-04
4.497627384092344003e-04
-4.469766690787235481e-04
1.049985397947923119e-03
4.186069578890175866e-04
2.922225503468675470e-04
-3.954223072662447114e-04
3.190593169290499619e-04
3.620973392674375207e-05
9.986834370809232267e-03
3.066059975402827945e-04
-3.163320768924369228e-04
9.494282723456209591e-03
4.375153093709358124e-05
-9.115283729315380723e-03
4.066069909855961036e-04
2.524285370093678170e-04
-1.776425021826436587e-04
-2.564819681998187933e-04
-1.047596446948275729e-02
-2.014325357556504882e-04
2.575729506929012673e-04
5.686372752926894527e-04
7.210390595463533414e-04
-1.008308372212696506e-03
-2.291467820847143452e-03
7.356544757244980713e-04
5.155648013294203934e-04
-1.070645569264714637e-03
-1.474647335901962215e-04
