-3.423723572073423399e-04
2.626373553383446586e-04
1.849477213322314436e-04
1.978714400422640915e-04
-3.761634465439131709e-04
1.397321302257338495e-03
8.245987305966615195e-05
1.748849482511282414e-04
2.820096931617478925e-04
-3.225038242084660156e-05
4.618627114240916247e-04
9.684010830452128779e-03
-4.866410655130120260e-05
2.911693206812950799e-04
1.014636822848530642e-02
-5.337807075185125021e-04
-9.773531172178934537e-03
8.153702395354407934e-05
-6.904616009849534955e-05
-9.212639110964146406e-05
-1.786136204596640807e-04
-1.007865266621546692e-02
-1.452231392207536747e-04
-5.409082986221811336e-05
6.229549123216151444e-05
-7.841359196894038836e-04
-1.431571188305011421e-04
-4.218876084736399306e-04
-8.136206964274456934e-04
2.387302161002385740e-04
-6.208713003437292153e-04
3.594719733353664352e-05
