-3.980681427314731904e-04
3.739220386624719891e-04
-7.081665423977245898e-04
3.937960698208991931e-04
-2.471768141888898039e-04
8.996156678040270955e-05
3.965936576567675748e-04
-7.370188693933238085e-04
-1.827194343858637828e-04
6.666131103429982297e-04
-2.738754781644887470e-05
9.411883238644594765e-03
6.789818784288774315e-04
-2.475825498520045197e-04
1.025589968537498307e-02
6.250714297259738731e-05
-9.672458508413032258e-03
3.407677568682194774e-04
6.519447585769666542e-04
5.944010271993736567e-04
-2.739578632070661761e-04
-9.667103810041771314e-03
6.522926583093996769e-04
5.922065754808841526e-04
5.094954461332224871e-04
1.306656680938831912e-04
-1.673198254592601512e-05
-4.287183511047906379e-05
1.983826403015797820e-04
4.539764864270430999e-04
3.302866980138882279e-04
1.827793113334982812e-04
