-6.796425362425113827e-04
5.382445004163112588e-04
1.936071011632801639e-04
-6.239687575408667600e-04
1.369656806053139023e-04
-5.333004541224509133e-04
-5.531318605002093908e-04
1.669719498180720916e-04
3.051940275537473787e-06
-1.229869151777245690e-04
3.166831465019397064e-04
9.532018225997671707e-03
-1.971457202421526725e-04
-3.349990029999892500e-05
1.002791186763669212e-02
-3.895276995457558214e-04
-9.655182047369592624e-03
-2.872585664606979350e-04
-1.945017690268028773e-04
1.275392972515885777e-04
2.229812518346832595e-04
-9.948250974700969737e-03
1.193393841568157098e-04
-1.637073517165836154e-04
-4.978886834771433043e-04
-2.286708745192490811e-04
1.210194292806576194e-05
5.975247361377638037e-04
-2.373883332836952903e-04
-5.118786892160696400e-04
6.362075033246416926e-04
6.326612385140281550e-04
