-3.744976704064578352e-04
2.435382330508658352e-04
-5.820991945321686784e-04
1.426437109309317420e-04
-3.305418157173107608e-04
-6.278497810364796171e-05
3.483602426229724587e-05
-5.005158559588610695e-04
4.206660191252522586e-04
3.058496885191448744e-04
1.911264084540595690e-04
9.620882152843460849e-03
4.401807943892945560e-04
4.741531347706723766e-04
9.970536940985272670e-03
-2.449468275616795664e-04
-9.635289218529477506e-03
7.095878021406969583e-05
3.773748874948993303e-04
4.921073825279134078e-04
-5.338071622677129861e-05
-9.994974927827120909e-03
4.455516949558890362e-04
3.733556677845099457e-04
1.348936286669757067e-04
-7.605441316451262658e-04
-1.484965971174477680e-04
4.267376573287530103e-04
-7.845090368415716430e-04
1.296481634662358573e-04
5.724654239955010641e-05
2.111303268201409570e-04
