8.737744030066316604e-04
7.338694916929924773e-05
5.612021553858034112e-04
-1.700848440582847796e-04
-2.111261781126236805e-05
-2.184351502677517787e-04
-2.392535197371372605e-04
5.511613235254106619e-04
-4.540085543288399314e-04
-5.993576518754329882e-04
-5.232565853268135404e-04
9.666844697023052949e-03
-5.925841941526238318e-04
-3.996163960612647754e-04
1.019494616996556927e-02
3.051871880121345649e-04
-9.698486506469107191e-03
-3.446587910177602646e-04
-6.634042398940324069e-04
-5.832127623366642260e-04
2.178499952203497014e-04
-1.009947637176075545e-02
-6.118120810099964436e-04
-6.435718558008347205e-04
-1.959027878686941905e-04
4.796630208731716993e-04
-3.374565913644123841e-04
2.136143019941397900e-05
4.616576359515544670e-04
-7.637712283964259610e-05
-6.204821214886424964e-04
4.583393259796777032e-04
