9.695447449301073176e-04
5.066817898973776865e-04
4.129159605838709905e-04
2.648189258500481015e-04
4.274210214262692191e-04
9.672553413851993874e-04
2.632144248502866829e-04
4.113284076769010023e-04
2.899495988567477858e-04
3.668004821006800404e-04
4.703544558890654609e-04
1.718813930293602540e-04
3.663576383187644252e-04
2.895111778651229665e-04
1.714613530472990002e-04
4.688306135096943230e-04
1.732243135848672815e-04
4.637989452572278178e-04
3.650601274769667043e-04
4.004514558456925377e-04
4.628759184066133622e-04
1.719288550302513921e-04
4.002137426788387412e-04
3.665229204359931963e-04
2.628725934484716655e-04
4.980949126593479763e-04
5.028636922958303491e-04
9.698324201701019522e-04
4.978598846287501543e-04
2.624111537295527883e-04
9.629988624936241127e-04
4.322309299456043277e-04
