6.629902628990917311e-04
3.009767873512376470e-04
-4.781793548289768733e-04
1.027886626015810442e-04
-3.768492831708661328e-05
1.673091697712139180e-03
6.066540912666557956e-05
-5.641583307910463981e-04
-4.240518506191282445e-04
1.168831936381096824e-04
5.531838421233377032e-04
9.659401720912744183e-03
2.214744847190402294e-04
-4.539232517528196654e-04
9.939381081912793126e-03
-5.087254693329823279e-04
-9.432790809291319648e-03
-6.328415000976612341e-05
9.031898672282794114e-05
1.279631111764584553e-04
1.072618987098491496e-04
-1.005806916866816558e-02
2.220437364434381345e-04
6.295849498803152275e-05
1.076228609962867524e-04
-5.355176066238880603e-05
-8.736073625455393656e-05
-1.024526024855679143e-03
2.028976104614864205e-05
4.329259633098879191e-05
-1.273403185212247874e-03
3.533555514145064703e-04
