-5.459643364024429225e-04
4.648967482615881230e-04
-1.932444461632112635e-05
7.406709672071301641e-05
9.890627609697634102e-05
-3.356915874128067593e-04
4.709919850977437110e-05
-6.782929512291047515e-05
2.313858586469801722e-04
7.011081229687726800e-05
3.945945907217811256e-04
9.510003116063639114e-03
1.008943932290620239e-04
1.885567931049731772e-04
1.006648990758340738e-02
-2.735799815320758086e-04
-9.663255076762050644e-03
2.262344346217042836e-04
-1.152010569702873544e-05
1.953009041084977071e-04
-1.985258057915492225e-04
-9.891860843812379928e-03
1.860086808718388750e-04
-4.238529893434971819e-06
2.352801001240224937e-05
1.468254764303171588e-04
1.265570750174403541e-04
-2.508494377117524601e-04
1.402355349189209001e-04
4.181484105228206886e-05
1.230407368622561497e-03
3.261583111796095900e-04
