9.731259746266826549e-02
5.117011147873171822e-02
4.150340334376401152e-02
2.692424793500182434e-02
4.318592567692190742e-02
9.639807849074338852e-02
2.690160351775081407e-02
4.143761683835334164e-02
2.912728538018597921e-02
3.718806055359262508e-02
4.708310172680427869e-02
1.703527380172452366e-02
3.705462699595860054e-02
2.901145737295297497e-02
1.704085269438801800e-02
4.701433901617807498e-02
1.705447745073711274e-02
4.685090517894150569e-02
3.714463016689883990e-02
3.988212320649399401e-02
4.661960845858673097e-02
1.702351341399515813e-02
3.981957549085760051e-02
3.704535603935919796e-02
2.690484299422408673e-02
4.945573749069394343e-02
5.074391009026033711e-02
9.672997194837552881e-02
4.955502292771774703e-02
2.684910415104597645e-02
9.653947019270615881e-02
4.355526116223841504e-02
