-4.796906235957634703e-04
-4.123173173989613241e-04
-9.152221676796273311e-05
-1.860005773783661410e-04
-7.351650434137506481e-04
-4.284237310693802050e-04
-1.180646077771540847e-04
-9.322821848255631550e-05
8.816572007154936425e-05
-9.115184077680887410e-05
1.754499702762360317e-04
9.932395937183282481e-03
-4.045338858319921479e-05
7.614150948110853475e-05
9.581709094445100064e-03
-1.428862885949811108e-04
-9.274535691834163292e-03
5.436660170796099112e-05
-1.171857714341899352e-04
-7.542086612314731671e-05
-1.438421454916048734e-06
-1.032789882710780961e-02
-3.282888434232585464e-05
-5.354057302299140809e-05
-1.164766034324350160e-04
-9.107242687031620598e-05
-8.606164193680802214e-04
6.647472594792633088e-04
-8.382226267838079460e-05
-1.275995558278536556e-04
2.914034027698000711e-04
-2.708471079781478571e-04
