9.755513719235699155e-02
5.116809553519452436e-02
4.193394596882328573e-02
2.671640861512021917e-02
4.308880445131382103e-02
9.620734724226483181e-02
2.659408743543676887e-02
4.188166922853741453e-02
2.917941748309660355e-02
3.701286463517930447e-02
4.671036580087384316e-02
1.710966347365225002e-02
3.700701758278282516e-02
2.906013250460817016e-02
1.712150996910362377e-02
4.662269926204631182e-02
1.727553507721354964e-02
4.720712662556903610e-02
3.702421334377283685e-02
4.054290277877236476e-02
4.709007504677193562e-02
1.717087335094057837e-02
4.059005796779308062e-02
3.695408426885973124e-02
2.651450462581724302e-02
4.986026954402644762e-02
5.071487313350932224e-02
9.768196157653914746e-02
4.979622772513083578e-02
2.650113649539613536e-02
9.653924242303170422e-02
4.364722721029343222e-02
