-1.617736902709897328e-03
6.387743611506677415e-05
-2.579617138264255058e-04
-5.867906150531377988e-05
-4.838405746081531349e-04
-1.453056263099882688e-03
-3.701710962081703760e-06
-3.064545201360485477e-04
9.324429230530763442e-05
-4.002424127841712996e-04
-4.543833798729320366e-04
9.537985302751789476e-03
-4.824665604328767809e-04
1.048233608849642690e-04
1.006429503329838576e-02
6.060921078768985188e-04
-9.853211891868890113e-03
-1.591777201825128932e-04
-4.541262798657589401e-04
4.787829531760317268e-04
2.392349732680022767e-04
-1.002626220458107363e-02
4.826733219683128286e-04
-5.253550279125017647e-04
5.764279618850983751e-05
1.590279887293364215e-04
-4.828078541645090078e-04
1.734061227227113276e-03
1.927354786489568451e-04
-7.848263751885430859e-06
1.325065754297415381e-03
1.105972197658619535e-05
