9.727341880834586285e-02
5.103605951709203059e-02
4.325812019638884676e-02
2.609286634722022061e-02
4.275452629442388908e-02
9.606996390342026348e-02
2.599341767772906861e-02
4.321677411996950602e-02
3.008820172617080249e-02
3.794696743382831861e-02
4.677089862870085352e-02
1.682935112364978766e-02
3.797198888215177343e-02
3.003555582913924188e-02
1.676358832882775957e-02
4.668069428523676651e-02
1.675638711887905696e-02
4.778663966008316749e-02
3.791497025510676133e-02
3.945810816323280096e-02
4.773659521039345932e-02
1.704018304895888597e-02
3.944063056779161663e-02
3.791121720201386103e-02
2.598458333866681194e-02
5.032597833552304722e-02
4.993538022144865252e-02
9.746295958815838489e-02
5.020626999785689909e-02
2.601101753698510655e-02
9.622544104656456654e-02
4.394018746384844437e-02
