2.445406295368084387e-04
2.832098821525809418e-04
4.418144707439432381e-04
-1.138496418977907399e-04
-3.613863546509766080e-04
3.037549258260527504e-04
-8.548304997544496013e-05
4.555840932294739258e-04
2.270085737391292369e-04
-4.755408085198475394e-05
-5.981629046641801260e-05
9.814578245839988141e-03
-5.834334019369180705e-05
1.666698434323335908e-04
9.880922330682499061e-03
5.365320778934329067e-05
-9.500686574438674953e-03
-3.923411971622176942e-05
-1.666567050504757572e-05
-4.272271496802572508e-04
-2.598785109536645523e-05
-1.017075557721636506e-02
-3.593370990292231275e-04
-9.006034807212167769e-05
-1.247237460352694548e-04
1.186919317404076395e-04
-1.225364515242689768e-04
2.278536647191743182e-04
6.828749841201865278e-05
-1.241631005182893812e-04
-7.895887240397822613e-04
1.277987779192323525e-04
