-1.524507235516196855e-03
-1.307787426610164654e-04
3.333886174562336038e-04
-1.778632521375256759e-04
-3.616247010904134859e-04
-1.493238727862232756e-03
-2.669207311726171073e-04
3.301992143441705467e-04
-4.331572014534638146e-04
-1.787101234768667809e-04
-6.230066282850280123e-04
9.459985455502563367e-03
-4.186672782300371760e-05
-4.497376985762728584e-04
1.025040084211057898e-02
7.058766111867518459e-04
-9.785382645761181095e-03
-4.893620718994025776e-04
-1.802897569621629895e-04
-2.864411027101495936e-04
5.363100386901420392e-04
-9.892735782604165223e-03
-2.657234280579244372e-04
-1.768070979831606914e-04
-2.001861322373355402e-04
4.489343546834585557e-04
-4.938771946320491806e-04
2.107917581617327601e-03
4.379299623490032624e-04
-2.082974294958598043e-04
8.702039830186604529e-04
-4.739939839399131752e-05
