9.631647732155281406e-04
5.116951451375607689e-04
4.168973737672720188e-04
2.666095432772147816e-04
4.348469329827739545e-04
9.669754094927225175e-04
2.668500896687734996e-04
4.168841742237791364e-04
2.978841758934943186e-04
3.727718054711306431e-04
4.660550143768176033e-04
1.708798496577286431e-04
3.722898725173307238e-04
2.969111652409419321e-04
1.724200109432773775e-04
4.653400387007299173e-04
1.724970697807349813e-04
4.695709690188903484e-04
3.722145390590120523e-04
3.991547743270491833e-04
4.680287152402509763e-04
1.712780618394669466e-04
3.982611920249935766e-04
3.717623322523760389e-04
2.659994940023528579e-04
5.046527405843766667e-04
5.072585399686144322e-04
9.684717289070984619e-04
5.050719246315302528e-04
2.656152171143017133e-04
9.655721504054141880e-04
4.394307140248260128e-04
