9.702986450280508008e-04
5.098860016058366423e-04
4.123909004094503962e-04
2.649172930481037257e-04
4.300968492699620100e-04
9.819550843418148496e-04
2.645925551281330407e-04
4.121762634933179227e-04
2.877659539948767956e-04
3.643982410839695634e-04
4.700656018236921518e-04
1.726968451474707937e-04
3.630559760394778501e-04
2.880400623219250594e-04
1.715882749364020660e-04
4.685277345751759099e-04
1.726790468614161059e-04
4.669352115082831922e-04
3.629531755772917524e-04
4.028060607436760045e-04
4.673000284981770457e-04
1.746021827895539666e-04
4.016322168375774816e-04
3.633368944747441837e-04
2.636976419452049126e-04
4.918127176050849465e-04
5.052987251350962283e-04
9.724433498224900130e-04
4.921865816970472270e-04
2.633127970955641164e-04
9.750103594936702965e-04
4.341742274159087573e-04
