-2.136562120013614768e-03
8.244458927846154807e-04
4.247213126016518409e-04
1.397046282353522656e-04
2.865085276506094459e-04
-1.856591160391037141e-03
2.496719726643258476e-04
4.364529308141849948e-04
-1.783265868082261425e-04
6.744913088298571313e-04
1.594438709371390564e-04
9.446034381828099374e-03
6.199393886767356684e-04
-1.350570825154801576e-04
1.020727915991975591e-02
-2.032483899904695814e-04
-9.967587938058571767e-03
1.187379280862232685e-03
6.199456426522061917e-04
-4.076137984578347639e-04
-1.238623856152584052e-03
-9.966633472546969352e-03
-3.960909239990557463e-04
6.180019222121847311e-04
2.805372718268956019e-04
-1.907567060407678304e-04
4.298288399725508162e-04
1.040653962943486124e-03
-1.710924651085872451e-04
2.050382919877648561e-04
2.932717762574074249e-03
7.976311927973100523e-04
