9.748426436372796110e-04
5.240923559156538108e-04
4.107206637559283110e-04
2.848992634234577678e-04
4.313031906588436532e-04
9.694289961607263249e-04
2.845091915150744252e-04
4.100895222499253089e-04
3.235523054348661554e-04
3.592385626971556401e-04
4.643932578917446454e-04
1.562181301628060579e-04
3.581201643547400159e-04
3.233824243348699099e-04
1.587517372838413720e-04
4.629606962192917442e-04
1.578684651339948243e-04
4.596619760213705385e-04
3.580647077201156445e-04
4.070531067497992609e-04
4.572623722615177275e-04
1.592736600014413892e-04
4.071029233411351108e-04
3.579259787973495264e-04
2.839212638602630332e-04
4.720677820285593736e-04
5.110797296622921794e-04
9.660754246062566719e-04
4.728064895065820644e-04
2.830181876684966348e-04
9.731648350369892031e-04
4.464604249104416078e-04
