9.626676429259355301e-04
5.103527711390315859e-04
4.248466876575046603e-04
2.653750951364018348e-04
4.289176545632203169e-04
9.653782925552278991e-04
2.643875681921429004e-04
4.244540975106494019e-04
2.981807920602522330e-04
3.761974979865461408e-04
4.666142785306241986e-04
1.719392842380542308e-04
3.761650583331299668e-04
2.974063006191579356e-04
1.708356128252629070e-04
4.658953521733013962e-04
1.739395910574947121e-04
4.666996325411137242e-04
3.752885642372129306e-04
3.997521226973876950e-04
4.656627306770020724e-04
1.704786052525849519e-04
3.997399329687327356e-04
3.754094958732989620e-04
2.627881208420837001e-04
4.939499256357078767e-04
5.033291054464242211e-04
9.624322328040514716e-04
4.932209666406925635e-04
2.636651323443715768e-04
9.672172182792845461e-04
4.375780305870500273e-04
