9.689776570489528869e-04
5.124540088734448086e-04
4.303787978471989304e-04
2.615294006968229266e-04
4.305180085770229492e-04
9.674303739019930520e-04
2.609219522186439458e-04
4.296419746376391787e-04
3.025080240542686659e-04
3.738483481067570455e-04
4.656503314623471686e-04
1.709337528060618028e-04
3.737618109402089878e-04
3.022667456984799435e-04
1.716057408213838870e-04
4.651926659441075443e-04
1.731756035926828013e-04
4.696717304520618024e-04
3.734143701270587487e-04
3.956717522960425727e-04
4.691128431007238284e-04
1.698953185742630107e-04
3.956634315617567452e-04
3.737939399754823012e-04
2.609711187318881779e-04
5.019721950247765449e-04
5.015379047930623377e-04
9.729712511746599476e-04
5.010260928816403234e-04
2.598600229035403879e-04
9.651787014080212036e-04
4.418213273106920153e-04
