9.569389299318692421e-02
5.114213587547619677e-02
4.213125764472264861e-02
2.626592064968081425e-02
4.286080314631013355e-02
9.596513751990298768e-02
2.620049576110268855e-02
4.212141223284653069e-02
2.895787978063415688e-02
3.760553791678987456e-02
4.743451865204418444e-02
1.692680053085098349e-02
3.769861016974625223e-02
2.891403849078812843e-02
1.703941988244667138e-02
4.722875061882100128e-02
1.708279796358455269e-02
4.677892997150506077e-02
3.763142622699595929e-02
3.928524725355617142e-02
4.676772326294927062e-02
1.707853030237524786e-02
3.924707905888544929e-02
3.757487090850444161e-02
2.613398513066312115e-02
4.949035418042577184e-02
5.012547895971650180e-02
9.623665768795329478e-02
4.934473809356840907e-02
2.606005560525543815e-02
9.536952627823727657e-02
4.402014155129348183e-02
