9.660522091698249547e-02
5.111894322264735890e-02
4.220185328134171826e-02
2.631419895981597715e-02
4.265167670226174129e-02
9.708461830882157695e-02
2.633829251887427267e-02
4.214256185536679328e-02
2.980705569544502692e-02
3.715738980324088253e-02
4.687721530493516031e-02
1.712477961179817432e-02
3.712559170775554113e-02
2.969414691019675590e-02
1.720984780931789429e-02
4.675480140781185928e-02
1.712214120460156877e-02
4.722747649174451057e-02
3.720628572319998467e-02
4.000032302142591395e-02
4.720691300360138620e-02
1.725684458724241130e-02
3.996431902681911452e-02
3.710833826402135105e-02
2.621749962686061031e-02
5.023337731350831920e-02
5.034692279124979020e-02
9.695788782732350786e-02
5.028217225721427763e-02
2.628404829416656346e-02
9.683481731329240949e-02
4.350215791902776324e-02
