9.732716228176689632e-02
5.119395050164316646e-02
4.188068904283362426e-02
2.626842476964998813e-02
4.309596714108687721e-02
9.750310984470907105e-02
2.625195648783293020e-02
4.185608538348067897e-02
2.944269721007347629e-02
3.729579528197365240e-02
4.705283985040828454e-02
1.715252810337865655e-02
3.727965373384006104e-02
2.941109515534123461e-02
1.703800054801240388e-02
4.695704580447079141e-02
1.720208571149486540e-02
4.737265538354821365e-02
3.723570787140626642e-02
4.039416116765962017e-02
4.731323345692300258e-02
1.723555157357819709e-02
4.027043859090839034e-02
3.714278805877706952e-02
2.618069827240972897e-02
4.990425026047047574e-02
5.049775715106027962e-02
9.736841944446623931e-02
4.985652801392849442e-02
2.616907220742416620e-02
9.750065075242124457e-02
4.381142669016466207e-02
