9.641013630169520399e-02
5.075793446092801559e-02
4.147464206832764122e-02
2.677417551602750967e-02
4.286364604073190226e-02
9.665146672795466021e-02
2.678674680440550765e-02
4.141487353031043928e-02
2.928669823618972046e-02
3.715058612887356393e-02
4.657533456961448354e-02
1.705654607602239900e-02
3.707570773616595400e-02
2.922137652905243410e-02
1.725854705516816426e-02
4.638282730269135956e-02
1.719395612667546855e-02
4.709119223011794947e-02
3.711397256667907374e-02
4.046190297361377392e-02
4.696683252076714471e-02
1.714725807936937421e-02
4.036467047041752271e-02
3.709863367055984268e-02
2.671259344477026204e-02
4.929265386298811724e-02
5.018096107496033270e-02
9.653934847393945418e-02
4.924047093881706721e-02
2.661139989173439205e-02
9.686975584748855339e-02
4.344445392117503996e-02
