9.734020086888049705e-02
5.127393142465632575e-02
4.217990235937627702e-02
2.688755542041493946e-02
4.240682299993141224e-02
9.615715727193016593e-02
2.683749193420593288e-02
4.214368168974867712e-02
3.116764939520998839e-02
3.696382837185214348e-02
4.655561350699920220e-02
1.638632566474473862e-02
3.688525186083466828e-02
3.110256108205058934e-02
1.650170242480915317e-02
4.648770390656087326e-02
1.647809138042866800e-02
4.719838244129914012e-02
3.694787723676538904e-02
3.923519930681067247e-02
4.706960348436138586e-02
1.642839664965553212e-02
3.918951800192239238e-02
3.692449112711070763e-02
2.676124437813474227e-02
4.873510392466038482e-02
5.002936357691895736e-02
9.611772602489405959e-02
4.875379813320063899e-02
2.673599304409626440e-02
9.835975581723620242e-02
4.391432023335638951e-02
