-2.772483816350302378e-05
8.096144877862283514e-04
-2.930374378847960836e-04
-1.500112364993445467e-04
1.804077053785399704e-04
-1.241610135976177779e-03
-1.894660436550973102e-04
-3.515374123235258190e-04
5.293031334012975606e-04
-3.847773591452332393e-04
-3.559829656417022006e-04
9.751711931780249892e-03
-3.109216819841590599e-04
5.074111351120945109e-04
1.002187855879437504e-02
4.713927861573168196e-04
-9.565009013400365204e-03
-1.823806739625831420e-04
-4.329617155063752759e-04
1.736892690112724696e-04
1.978382746527168146e-04
-1.003201495711737549e-02
1.209123712490512326e-04
-3.984001200806666361e-04
-1.291935717315325814e-04
-6.627006698985926604e-04
2.099267558888088029e-04
1.169118400067011444e-03
-6.507398801304569097e-04
-7.951616194511492688e-05
9.307137177750421256e-05
6.940106290661589772e-04
