9.586114215180825378e-04
5.112195803577832464e-04
4.256557597445234675e-04
2.653441454034224695e-04
4.274667969527612605e-04
9.657571628977998802e-04
2.651750180536835292e-04
4.245568646096799996e-04
2.986902117862160616e-04
3.670560906658131722e-04
4.691661760767567180e-04
1.719289312895990515e-04
3.677015498749078228e-04
2.978761788878305796e-04
1.711620642822390221e-04
4.676480181262661459e-04
1.724780476640832086e-04
4.691116930587248051e-04
3.673959562225662047e-04
4.035923639930624513e-04
4.680040599576314707e-04
1.710768220215440273e-04
4.037914129015964556e-04
3.670980963320278592e-04
2.652056142185219836e-04
5.018530610124685362e-04
5.052453953957124601e-04
9.647514301895751716e-04
5.012920733422685350e-04
2.645974675795580676e-04
9.661393096746757414e-04
4.352499879115791139e-04
