1.794600171070911813e-04
5.025117196860131230e-04
-4.443903086292700548e-04
2.663319084163365334e-04
-4.631132882716820472e-04
1.000401503924982843e-03
2.420467705738920143e-04
-4.591562934977006503e-04
2.760948985284273380e-04
4.058492655787417341e-04
5.051756614130784549e-04
9.280876494374156599e-03
4.296457686463492440e-04
2.781777247292031938e-04
1.030383756764527946e-02
-4.942397288537085567e-04
-1.003262332062507256e-02
2.460459418726932486e-04
3.056079814871017733e-04
6.874223677440670832e-05
-1.814141570439433825e-04
-9.625359070896099753e-03
6.270691439528257435e-05
3.431034262485344456e-04
1.429546058938434120e-04
-5.477711508197607168e-04
1.421849193550474733e-04
-5.138507252985659388e-04
-5.538282943363953418e-04
2.673349438969559698e-04
-6.586633622566655070e-04
-8.462948404810770005e-05
