9.688567218556086436e-02
5.207079406194355109e-02
4.309116662762598610e-02
2.620306141194929730e-02
4.354095554342850283e-02
9.619447577661165150e-02
2.619112006074295410e-02
4.299676989982639114e-02
3.009038652257706170e-02
3.784613915735889761e-02
4.655435886641474952e-02
1.722174525800788253e-02
3.779696082613994562e-02
3.001846237193411121e-02
1.711138889527937662e-02
4.646010104277307345e-02
1.717370495164511138e-02
4.694083948604279438e-02
3.783671078758461120e-02
3.924888733214607767e-02
4.690083496626158005e-02
1.726448679179992673e-02
3.919926119221248118e-02
3.770753841685977464e-02
2.604280872723323259e-02
4.968637138953926891e-02
5.092597143022832562e-02
9.665691841661558370e-02
4.971229521035867849e-02
2.609303484351810365e-02
9.665754422756826780e-02
4.475584929720866079e-02
