9.663044612711317203e-04
5.114811526941694195e-04
4.161723928547728817e-04
2.651619447355616768e-04
4.293948542732393763e-04
9.675795544645081478e-04
2.653527364825024283e-04
4.160262372106250618e-04
2.908090590841651323e-04
3.719725138385438531e-04
4.662558162454645029e-04
1.733237049914983327e-04
3.724728932624443126e-04
2.900486251627940894e-04
1.708672610401152530e-04
4.649462778089098725e-04
1.729017568820138951e-04
4.681738724610553918e-04
3.722240615436651760e-04
4.024747580447149398e-04
4.686740600392744747e-04
1.735107244771645228e-04
4.014616836604913749e-04
3.716133385517291529e-04
2.647951823330954146e-04
4.977220359385874223e-04
5.072058261741382639e-04
9.690371989569447359e-04
4.970156001641015328e-04
2.648023179884234244e-04
9.683684556459746682e-04
4.343067655069945705e-04
