-1.367327421423601035e-04
5.090066326344488946e-05
7.503131780678275566e-05
-4.072434225055882452e-05
-1.738670380817868770e-04
-1.763672203488724226e-04
-7.620268551411639197e-05
9.434402986108074744e-05
6.149927686049795443e-04
-2.024685450241697575e-04
-1.651887843227204365e-04
9.829487891709631081e-03
-1.412616052822521641e-04
6.265000910899562112e-04
9.828943509099864403e-03
2.343870944990325317e-04
-9.572769182146240868e-03
-2.941805471865176734e-04
-2.232362290192135888e-04
6.159834137611912850e-04
3.728561885458982097e-04
-1.032968359470217042e-02
6.220378392086349647e-04
-2.657487508915809603e-04
-1.597522942441206370e-05
-3.635454432159284256e-05
-3.604609488959931401e-04
8.991900801328306164e-04
-6.438588257746238116e-05
8.614626163158355652e-05
-6.232916834931564879e-04
1.762125646008787987e-04
