9.868442067751965335e-04
5.158698118638673294e-04
4.273493806358866784e-04
2.698269877995263400e-04
4.279451776850425656e-04
9.812731203553712398e-04
2.692943226358166637e-04
4.265322761878104977e-04
3.147934501991665268e-04
3.689094751897581490e-04
4.672527912266403907e-04
1.626918604220561589e-04
3.694643063808169419e-04
3.148792880086437947e-04
1.634691638354126197e-04
4.652840740014301457e-04
1.647521540141105173e-04
4.672801715241307668e-04
3.689691492510663372e-04
3.954556346833563952e-04
4.664546526711583195e-04
1.622405585824946491e-04
3.949605373697739766e-04
3.677783239339212735e-04
2.694723023081178675e-04
4.907646225976624232e-04
5.014622506361429612e-04
9.842948792669128921e-04
4.899310950778885780e-04
2.689046660734701276e-04
9.855867371386752875e-04
4.445447724662075946e-04
