9.905036286619605963e-04
5.187074585218740940e-04
4.306952302843431715e-04
2.635387746931607596e-04
4.310853343452085255e-04
9.912138291227503943e-04
2.625693598059367128e-04
4.296965510279718140e-04
3.034631777851412278e-04
3.777900331238995919e-04
4.694491375975320393e-04
1.674176588210268401e-04
3.770955238688940996e-04
3.023675922946255637e-04
1.666668711965899866e-04
4.706572940022051531e-04
1.692306667058139603e-04
4.709872573116604994e-04
3.764449194557080523e-04
3.871259585958863078e-04
4.703789786491906319e-04
1.671044445746015837e-04
3.866985128840866445e-04
3.761502277586620366e-04
2.623025459702274260e-04
4.908246451673683704e-04
5.060811801263002908e-04
9.816799628196062194e-04
4.906590173982778658e-04
2.620357718512267937e-04
9.952206387314249583e-04
4.461245287947142335e-04
