9.653099609390744518e-02
5.120523474959384758e-02
4.303101333384991983e-02
2.622832494959299182e-02
4.284981108146455886e-02
9.678416353039064057e-02
2.621575912679110013e-02
4.298400581017224747e-02
3.035564448275277979e-02
3.715426094208815200e-02
4.625092315104693819e-02
1.714842528061690310e-02
3.721932645775190285e-02
3.034420634196925703e-02
1.708189926684191076e-02
4.635641116871931644e-02
1.726649614244239045e-02
4.650333217953293158e-02
3.723094489209068797e-02
3.931094864117147536e-02
4.640573333630711866e-02
1.710550797269220352e-02
3.928460350897218512e-02
3.718694942576403206e-02
2.623884366836899337e-02
5.003287957860941965e-02
5.024981401447336377e-02
9.688996305208245896e-02
4.997440678231161032e-02
2.618349382054666399e-02
9.656307909527563071e-02
4.390677745123915815e-02
