9.709226639708599949e-04
5.164925785617192726e-04
4.198255930490512461e-04
2.653309811317776379e-04
4.262031635974596879e-04
9.741867313673455240e-04
2.648266581878497782e-04
4.199004434002981553e-04
3.079777589016000593e-04
3.752304831268540039e-04
4.667587518733506947e-04
1.659502400211552899e-04
3.755478958656432802e-04
3.080581147642475273e-04
1.644583397240619819e-04
4.659357412330827290e-04
1.663906634713720645e-04
4.671106023298538727e-04
3.754344319142324717e-04
3.869613819775036745e-04
4.658272462207017428e-04
1.660386682510247181e-04
3.862878043680880564e-04
3.752292868361051421e-04
2.652018671216038606e-04
4.851324189952906552e-04
5.039303334625588708e-04
9.698412504873152838e-04
4.845847677887586040e-04
2.637275513305536436e-04
9.748449455556252186e-04
4.401711200835218456e-04
