-8.709125704584285950e-04
6.737888704574330557e-04
-3.129037696977939541e-04
-5.345765003983480554e-05
3.546532455322296061e-04
-3.995418067719572392e-04
-8.482935143813003214e-05
-3.584595728425564215e-04
-1.033147941438858044e-04
-6.108954309467563328e-04
2.118998506381789394e-04
9.458826621608112245e-03
-6.271107552017002795e-04
-1.575592926721372717e-04
9.967760023266478142e-03
-7.362455163621966624e-05
-9.570775107539002124e-03
3.598256166403674891e-04
-6.788255305669177453e-04
-7.167674334995491000e-05
-3.369074622678836992e-04
-1.011959059721982690e-02
-2.804665822905253416e-05
-6.039473209526822605e-04
-4.861181807329650217e-05
-6.661079625958604537e-05
3.512412883934487909e-04
4.312156286712630349e-04
-9.212679321501471372e-05
-4.836627305852016890e-05
8.907730519272728971e-04
6.499870314035447860e-04
