9.754617304749942444e-04
5.125620295585587693e-04
4.273675468577509259e-04
2.624719165211063113e-04
4.261420493988251593e-04
9.704865910062390700e-04
2.621215359434923647e-04
4.269859997461183075e-04
2.958832462102191905e-04
3.748536396286948147e-04
4.710368458407138029e-04
1.719898814571934459e-04
3.744972542925966395e-04
2.944214966055485726e-04
1.686713353329819887e-04
4.689803591019661255e-04
1.708116741474313075e-04
4.705415898913794972e-04
3.743802368788764351e-04
3.858352218310312541e-04
4.688913983395913269e-04
1.714919289630163898e-04
3.858293726284059639e-04
3.732554569139415949e-04
2.607820226218308252e-04
4.944738583432879871e-04
5.008990036627654742e-04
9.765108055910346222e-04
4.943162109691898870e-04
2.612725389449069876e-04
9.643929783341294261e-04
4.382203649475893085e-04
