9.636017762413662344e-04
5.078963108205225086e-04
4.299664527824770895e-04
2.569685407852165715e-04
4.259691187467827523e-04
9.692880556796215109e-04
2.568054619202172237e-04
4.291467329840678514e-04
3.020427200052450741e-04
3.717749661455780458e-04
4.661437678024366190e-04
1.683015087996449265e-04
3.721732544034302365e-04
3.013200895132064124e-04
1.678938023787956350e-04
4.648361400230528783e-04
1.687637068428668680e-04
4.706273681323706621e-04
3.717631840223178897e-04
3.857299886974022347e-04
4.686006710390721339e-04
1.704582959025288658e-04
3.856959646190958354e-04
3.716858692564592014e-04
2.571201294897319301e-04
4.996104352907005611e-04
4.961456275793744552e-04
9.672276697521380549e-04
4.991747329883826790e-04
2.560583603389214960e-04
9.653878882023387772e-04
4.374716196533125342e-04
