9.727234102187921937e-04
5.132716882123855573e-04
4.242622892848155148e-04
2.660109344594421268e-04
4.302870586274867176e-04
9.686377333582400773e-04
2.653394612965764734e-04
4.240579081470623071e-04
2.963862091496943536e-04
3.719443461276990140e-04
4.740139278853541262e-04
1.714724674690175843e-04
3.721138829540939874e-04
2.950628425944586304e-04
1.731813431348742276e-04
4.732681309662497226e-04
1.736745680750743307e-04
4.686610691281456356e-04
3.712820487809094473e-04
3.996305723753790207e-04
4.666292554496331065e-04
1.733462008446504576e-04
3.998771091476419678e-04
3.706718652831959946e-04
2.644490236424422674e-04
4.980507170313669971e-04
5.064416183778031174e-04
9.626103015969906824e-04
4.976383591748830947e-04
2.647807301821398455e-04
9.753101864667493336e-04
4.380742002316589923e-04
