9.742381764823238033e-02
5.114638588172771422e-02
4.160998747202899334e-02
2.672238375541426819e-02
4.292650142810848501e-02
9.707959796845969103e-02
2.657191325861405981e-02
4.163026786675649155e-02
2.924211994733018349e-02
3.641357842584612425e-02
4.717953753457701516e-02
1.718043561135718100e-02
3.629820053212248765e-02
2.919455988194171597e-02
1.733123353034933187e-02
4.726006214023738272e-02
1.731282893166367215e-02
4.666043639230191969e-02
3.630174141813592714e-02
4.035392542418195228e-02
4.666677372274093821e-02
1.726998647175699564e-02
4.035183596855224097e-02
3.627891800268218114e-02
2.653444824223685772e-02
4.980126453046217205e-02
5.070207353052536697e-02
9.652773038049704268e-02
4.978755779208504650e-02
2.651658566056812327e-02
9.777045267672081208e-02
4.335018768931364619e-02
