-7.164873338711911371e-04
4.777568071573817560e-04
8.921264949841689444e-05
-1.392025862957924868e-04
3.745892054012387026e-05
3.424510400760675508e-05
-1.876006014363132749e-04
1.088827091992044410e-04
3.085918486136223935e-04
-3.438883383040035563e-04
-1.451242935754214411e-05
9.325134137727595501e-03
-4.593312865183995521e-04
2.547673242656224731e-04
1.007187263743049635e-02
-6.661612708342491660e-06
-9.733052713275779436e-03
9.146076625473074971e-05
-2.809375745706894586e-04
-2.074136820994782599e-04
-2.006786821346101415e-04
-9.849599104472018390e-03
-1.917534269428227485e-04
-4.821758343708653651e-04
-1.257441284915902595e-04
-4.377143115783898968e-04
-6.108203072602091714e-06
4.657709277216370413e-04
-4.539355188571071102e-04
-3.633213815151789864e-05
2.481046615134132423e-04
5.493953609222967634e-04
