9.677677857782153014e-04
5.117764804397550646e-04
4.182443184240731493e-04
2.662968490334270189e-04
4.310831266588613158e-04
9.649382032449160514e-04
2.660760915491812320e-04
4.180798256420716584e-04
2.920367720688574892e-04
3.750289999628595469e-04
4.725535308853722437e-04
1.713400207007938583e-04
3.744232841854288002e-04
2.922372804897938135e-04
1.693193933515274260e-04
4.711339540077158603e-04
1.721852402439211574e-04
4.710462407625555384e-04
3.743225349355990841e-04
4.008125505799843384e-04
4.722221676057238482e-04
1.723607591288357299e-04
3.997518862048134191e-04
3.738919643690572685e-04
2.656957899473352835e-04
5.021239106919501722e-04
5.042546136794902410e-04
9.687298483943328556e-04
5.025431256505429652e-04
2.654676530534236462e-04
9.679101971526937959e-04
4.384646647969432523e-04
