2.461335950756182809e-03
2.185343187850462851e-04
-3.254546840602753075e-04
3.203465159669984549e-04
-6.766525684231107442e-05
1.665115083580873557e-03
3.766280206957228587e-04
-3.238863883399292331e-04
6.409316301956996271e-04
2.494559253623991092e-04
-2.091648222647010896e-04
9.559696127421708073e-03
1.396564872585268134e-04
6.171617304582324975e-04
9.906041210200318067e-03
2.061837933472866291e-04
-9.588056205041812705e-03
-5.079926932717481391e-04
2.158032699040290925e-04
4.659307611810095326e-04
5.280390083695166723e-04
-1.014007031736360517e-02
4.472673338508582528e-04
1.180840092949038119e-04
3.633941382209689153e-04
-2.524329544942928200e-04
-6.027437776034455512e-06
-1.680320615071363103e-03
-2.216354841960225793e-04
3.776810694303457954e-04
-2.478283396730964015e-03
2.071723894215317656e-04
