6.655492583309312793e-04
4.340193292999250624e-04
3.327992478971701813e-04
1.751143113333659658e-04
3.457360897094125581e-04
7.014608513068258102e-04
1.698975083325472419e-04
3.261984752903104553e-04
2.373790731967552893e-04
2.244667771316121157e-04
3.176205597428548885e-04
1.259238912408458067e-04
2.162274401404501163e-04
2.279693459712774908e-04
1.277971911059298782e-04
3.196138561882963178e-04
1.265844400857180096e-04
4.040760400234287022e-04
2.212732146697827303e-04
2.918894457859986472e-04
4.012903751193214034e-04
1.206239426836899927e-04
2.886815850134937531e-04
2.295164978971190174e-04
1.743151262724169481e-04
3.689699206255601309e-04
4.281015856164717783e-04
7.948762472993652550e-04
3.652199281355114949e-04
1.817411435949459859e-04
5.982075310362848378e-04
3.549329286653195802e-04
