-3.005954517912144946e-03
9.205954953556275740e-04
3.810639000439002022e-04
1.051168477108964887e-04
3.978686114667434560e-04
-3.393673271532072263e-03
1.394653802046143406e-04
3.214947703798802449e-04
-1.887220894739379971e-04
-2.344146036377340995e-04
-2.083044789873806865e-04
9.563763933967380296e-03
-2.931029593180757694e-04
-2.675894245241191888e-04
1.033679010673787049e-02
1.184318654109342713e-04
-9.707871639659916910e-03
-3.479347217208732159e-04
-3.227129027594826836e-04
-6.105980268813473652e-04
3.093007046232170701e-04
-9.826334587554882288e-03
-5.393955399518434585e-04
-3.525444784301859759e-04
1.379642853391384349e-04
9.837622286601377852e-05
6.514214691087553228e-04
3.156871155308319486e-03
1.834472316032704912e-04
1.829168995157797958e-04
3.236233444800586806e-03
7.332819210455068055e-04
