9.518209559355453320e-02
5.097749466947467528e-02
4.234551723623437847e-02
2.599196476591713809e-02
4.259487993768246855e-02
9.723579942462801107e-02
2.592726724920858816e-02
4.238759748495494334e-02
2.947443714356256725e-02
3.764181087703059175e-02
4.679481682152027838e-02
1.703656252846504765e-02
3.753913775580312862e-02
2.940417367445147256e-02
1.710949285417478691e-02
4.674975508122658496e-02
1.700636554236653608e-02
4.642735542051455722e-02
3.758434374171543135e-02
3.942496729776370085e-02
4.626130430962273332e-02
1.719299266544596291e-02
3.938054432800594529e-02
3.755687045981767613e-02
2.586666612926353387e-02
5.007519320713546551e-02
5.014497246395734770e-02
9.505690533021679545e-02
5.003933776293038177e-02
2.592136815338451708e-02
9.707281857440699935e-02
4.360706412146141825e-02
