9.770503550767188627e-02
5.105960648039249011e-02
4.114529578841338159e-02
2.678340388644925504e-02
4.338031506516933783e-02
9.750467305736376655e-02
2.667851784857071598e-02
4.107545753619270407e-02
2.908206329321297995e-02
3.683818557885387007e-02
4.763516684538689899e-02
1.681624160016542691e-02
3.683759691489344595e-02
2.901312269488532866e-02
1.712035932454274850e-02
4.751156281803983750e-02
1.725602400645242715e-02
4.662952018479443739e-02
3.688181576370823389e-02
3.991339605607533564e-02
4.664207982971267652e-02
1.713919514800880603e-02
3.986409910950945018e-02
3.677268809852795445e-02
2.657154317673867880e-02
4.990920360775011333e-02
5.063194754738952613e-02
9.804508031394676415e-02
4.986932898178068202e-02
2.660966575143259086e-02
9.632870316268624111e-02
4.392436451536514685e-02
