9.597003068681001208e-04
5.132639173842065998e-04
4.197688412604491030e-04
2.644202251907779911e-04
4.352755850900367454e-04
9.688246130203314026e-04
2.650793350080328579e-04
4.190725839992858761e-04
2.974754594824934560e-04
3.707506781715582300e-04
4.654926277318231949e-04
1.706005453547282272e-04
3.703034718400354626e-04
2.972724138603828766e-04
1.704859672165075473e-04
4.657367471497499069e-04
1.707440567379598067e-04
4.677269157136637644e-04
3.709405512186874439e-04
3.991818198546299035e-04
4.665619365441794962e-04
1.731375743704423678e-04
3.975739951154538755e-04
3.702814617680922704e-04
2.652874374654582367e-04
4.998531044075418296e-04
5.083656849606722631e-04
9.669527662571534123e-04
4.998741640179448203e-04
2.640325415270423741e-04
9.560544450373189727e-04
4.403456632575004893e-04
