3.546881302607099093e-04
-3.650796921318115321e-04
3.560236794524739555e-04
-2.028253050448645346e-05
-9.248663293057216798e-04
1.567689953675183623e-04
-5.552241570722037090e-05
3.343387701359680150e-04
-7.563210590837378324e-05
-2.699479068939319494e-04
-4.498135328847124013e-04
9.836387842070115281e-03
-2.315766171197913511e-04
-6.985853489306460893e-05
9.766817177521222235e-03
2.882370210085360551e-04
-9.461535469962527312e-03
1.465238011378227137e-04
-2.959119296703419501e-04
-1.605183617747624177e-06
-3.111666027426015254e-04
-1.031655257091801565e-02
1.535713924425854447e-05
-3.378574025647121436e-04
-9.106889516140989144e-06
1.265395232672824255e-04
-9.018112250356825552e-04
-2.232958035738962085e-04
1.997270709340181203e-04
-2.367352351340486530e-06
-3.017417454555868634e-04
-4.274827407561286076e-04
