9.792346287333886234e-02
5.129823500825567151e-02
4.255758106548340053e-02
2.592623472023902753e-02
4.313921920103422347e-02
9.736062917317540866e-02
2.584909167476068595e-02
4.251060302032369509e-02
2.993066030348292064e-02
3.698082375399058125e-02
4.730491331237288155e-02
1.675821176826513062e-02
3.693622943071626225e-02
2.995361164179990987e-02
1.708299352066854418e-02
4.716753508554139690e-02
1.683903291235244043e-02
4.612900462271678909e-02
3.693655569101444297e-02
3.943273043469191358e-02
4.603329825344944920e-02
1.707417607302981477e-02
3.934661070800952315e-02
3.691085384825069926e-02
2.582174971996427371e-02
4.923543690568518705e-02
5.025168356617856075e-02
9.751935387359801644e-02
4.916929616977720047e-02
2.572264995796400694e-02
9.716079393049296964e-02
4.430790273247809524e-02
