-1.116586767176369617e-05
4.768783957664737621e-04
-7.182027655691895643e-04
4.430685836330290655e-05
-1.660522960274852416e-04
2.125928349731466462e-03
3.696383718616281334e-05
-7.164155762419125622e-04
-8.306028302998447006e-06
-1.828713869556974697e-04
6.849674283918803222e-04
9.556657938693809834e-03
-1.863905884084258611e-04
5.961736330639121399e-06
1.026680789543895668e-02
-7.390868177631567965e-04
-9.692622804417622487e-03
-1.323354913310419861e-04
-1.292263808388484120e-04
8.771624514791582735e-05
-9.630543604647882525e-06
-9.939671021947709892e-03
6.658953693694740059e-05
-1.982680943045029068e-04
1.589959205090516782e-04
-5.540635950909749080e-04
-9.213642542824857840e-05
-6.870382708740988172e-04
-5.672374804680635051e-04
8.632524804947898519e-05
-1.411877020732945709e-03
3.517989578523519141e-04
