9.616347522750658128e-02
5.110463111836920785e-02
4.195820490409735842e-02
2.653419292858123085e-02
4.325420931012043113e-02
9.685730755397974068e-02
2.657902830269808642e-02
4.185382112902042567e-02
2.912108311057589813e-02
3.710101906559248874e-02
4.694900903171460305e-02
1.704482062806163961e-02
3.708534220677745658e-02
2.907991615729673893e-02
1.696062673849841815e-02
4.688071600794964378e-02
1.708978720505766741e-02
4.652637214021011769e-02
3.703899313385831948e-02
4.024893045896210664e-02
4.645040166232557166e-02
1.713035113934814266e-02
4.014233002377486786e-02
3.704979495779067017e-02
2.647884960945212293e-02
5.010548274237668076e-02
5.053040077696235866e-02
9.660258556822114151e-02
5.010113988499452498e-02
2.644242500623313064e-02
9.557452576811065192e-02
4.381563360679473912e-02
