9.678545901707094829e-04
5.105370180740547662e-04
4.223458745524277325e-04
2.664619423646811982e-04
4.251253724318176919e-04
9.852477997234719825e-04
2.664845688113194892e-04
4.228231681084831483e-04
2.973407907174675725e-04
3.709826586883393932e-04
4.637220002524477646e-04
1.715201224249769327e-04
3.706994178600388299e-04
2.963470986643740074e-04
1.739414904377553693e-04
4.636568447238560839e-04
1.735905613012358204e-04
4.620414704268676026e-04
3.711588399845431436e-04
3.972736152421814902e-04
4.617319950600982850e-04
1.742655828773676278e-04
3.967056775163360204e-04
3.698032284655374869e-04
2.656274279458147947e-04
4.957501311804418231e-04
5.037330138070297619e-04
9.636650493046653278e-04
4.960639352388553644e-04
2.661992264271329065e-04
9.851445321824444604e-04
4.334792941279339918e-04
