-4.357518848132880228e-04
7.398453876630593567e-04
-1.699341589463660004e-04
-1.915551218178005620e-05
3.861007222372498846e-04
-4.130772008008349195e-04
-7.496226069988545814e-05
-1.672217528764670651e-04
8.624996403692779463e-05
-1.649383653913556258e-04
2.359489569027585943e-05
9.538363816027786365e-03
-1.262970386576633475e-04
4.045315821739475928e-05
1.000966584333029714e-02
-5.451772436671723648e-05
-9.505115283058997860e-03
-1.053554952380950805e-05
-2.185317487822325600e-04
4.133886931178678694e-06
1.916326939079340401e-05
-9.899352507035791976e-03
-7.668644689752073302e-06
-1.621607147162722282e-04
-2.172630476902763326e-05
-5.524138219517672537e-04
3.588878323241898841e-04
9.656127258976665443e-04
-5.208376643521426489e-04
-4.896721855666726138e-06
-1.657296174412988118e-04
7.263535531448268205e-04
