9.670295257152922153e-02
5.164100458241963759e-02
4.303702565413437819e-02
2.609209937343419383e-02
4.289299917247828969e-02
9.679186266649540682e-02
2.597183251030925344e-02
4.306814190945824211e-02
3.065381121091215882e-02
3.724047296232162185e-02
4.702004096815919076e-02
1.679827249903358133e-02
3.721373964442362126e-02
3.056733088918233213e-02
1.650750542079974445e-02
4.695409884568140652e-02
1.669729162084882673e-02
4.645080139918201373e-02
3.726774316304146129e-02
3.930660392738740544e-02
4.644433927879963037e-02
1.657269264544240089e-02
3.934480743974832356e-02
3.717941400810139546e-02
2.598485949338628920e-02
4.932141845467901548e-02
5.041417956489726432e-02
9.756562115736532037e-02
4.931184544716645662e-02
2.598583023227152289e-02
9.558673063435346728e-02
4.430866090299142440e-02
