9.733840790822855232e-04
5.156004733666952984e-04
4.086597476090270587e-04
2.668857271268573316e-04
4.324019778774312200e-04
9.717501868018506381e-04
2.662732611897400598e-04
4.077812545211516771e-04
2.847582162717555770e-04
3.667158928021471958e-04
4.725769940850043055e-04
1.732078406188967403e-04
3.657115513986330339e-04
2.838885775065891435e-04
1.726829411912748577e-04
4.723319759979622331e-04
1.724989652183294851e-04
4.729204225545019058e-04
3.659096859650756857e-04
3.926075590191811554e-04
4.714328002979395536e-04
1.722735705065359156e-04
3.930792841795247017e-04
3.649505994012684274e-04
2.656039604259443384e-04
4.916851525657759368e-04
5.115975315336921975e-04
9.686198688614355888e-04
4.922440255430458400e-04
2.654530645992408543e-04
9.788898404415801932e-04
4.371149315147305342e-04
