9.795079310167381648e-02
5.122053907345784640e-02
4.236248160725054890e-02
2.685231070005093118e-02
4.245979684774933011e-02
9.717657120488537581e-02
2.684197702017275186e-02
4.231401975644027286e-02
3.188752621643831803e-02
3.643032360082772841e-02
4.656812155650628948e-02
1.624652478654971255e-02
3.638266524533750185e-02
3.189512522186631338e-02
1.606044360573894228e-02
4.639814964898124339e-02
1.624623097061792323e-02
4.663015094343762879e-02
3.629013741682036998e-02
3.966685822838580261e-02
4.647468744990555095e-02
1.623614201552072214e-02
3.960366458579615140e-02
3.638070360882184051e-02
2.674908444256649670e-02
4.857018761261281542e-02
4.981553194307358073e-02
9.799000320864306723e-02
4.857969052222751299e-02
2.677679935978096934e-02
9.642724225043251829e-02
4.412027766228070191e-02
