9.737221019788125462e-04
5.108061506763207464e-04
4.263373063132259175e-04
2.595204139898886031e-04
4.259670467720777704e-04
9.616600051219623482e-04
2.602989873947748911e-04
4.254187241600670879e-04
2.993550540671071920e-04
3.719995182864144646e-04
4.659747023760594620e-04
1.705772704406750254e-04
3.718505123964570909e-04
2.988598353511675307e-04
1.716673942069831590e-04
4.647875426946047840e-04
1.722167206666522146e-04
4.681799660274795719e-04
3.708370905527866778e-04
3.907208214639617400e-04
4.670739707203767801e-04
1.709740664396217416e-04
3.895515271596148676e-04
3.717877262150329838e-04
2.589585106577761524e-04
5.008011689206835846e-04
4.990036633253848875e-04
9.693025639625186228e-04
4.997965388265984080e-04
2.590554579734062743e-04
9.689115184311068892e-04
4.384719643065483055e-04
