9.707826547992736170e-04
5.109588221465509754e-04
4.262955969929185167e-04
2.642058559558237932e-04
4.333953246021941298e-04
9.824432868237209689e-04
2.635252121828096476e-04
4.264132756790307084e-04
2.970303677454551208e-04
3.801368067155844644e-04
4.693545688711203549e-04
1.683433867320455819e-04
3.796438807768176744e-04
2.963700206373959365e-04
1.699876729082255573e-04
4.681144698753688630e-04
1.706584891290728481e-04
4.686354633401062608e-04
3.786017869822322596e-04
3.950321204490565125e-04
4.670215965384021985e-04
1.683229535332998641e-04
3.944611341291837017e-04
3.778670083716317765e-04
2.622859306805314615e-04
5.002392121397301319e-04
5.019758397398951235e-04
9.717301366000095919e-04
5.001287711061046075e-04
2.623823463882173947e-04
9.722554351792711937e-04
4.435582267054756652e-04
