9.707325646119706331e-02
5.133970948191171613e-02
4.273150734520815563e-02
2.600026460769111827e-02
4.258313472012017348e-02
9.675022509132250037e-02
2.600861886273820797e-02
4.274257655123270272e-02
2.975431014498249038e-02
3.762792655048771695e-02
4.671198475736629968e-02
1.693737727612391539e-02
3.747622416868022499e-02
2.978277869975862538e-02
1.692245887223694026e-02
4.650935467776409760e-02
1.710945462354908006e-02
4.671765001817614060e-02
3.759861320257922718e-02
3.928048686509164056e-02
4.678738566830053375e-02
1.702524109410890468e-02
3.912055174708596594e-02
3.759614846679074779e-02
2.592489009524240329e-02
4.957450435169870329e-02
5.017171524350103051e-02
9.783294464203887153e-02
4.957744950676624268e-02
2.585376790198416763e-02
9.609861565865986111e-02
4.381773700560208373e-02
