9.643874185392221953e-04
5.146620012765341489e-04
4.282532541252208336e-04
2.631992548244031544e-04
4.297602105947117591e-04
9.706590439154836811e-04
2.633518984732895760e-04
4.279236720963016565e-04
3.000202372490595542e-04
3.732320540651391729e-04
4.683468473691434586e-04
1.696988113885306373e-04
3.726867858632118558e-04
2.995078333924280564e-04
1.691925641003475987e-04
4.679004229009870049e-04
1.694285498140211661e-04
4.652580195525363714e-04
3.731754499508925754e-04
3.940050653657991512e-04
4.649072490740585508e-04
1.708830979150564985e-04
3.934614551126477695e-04
3.726477623438789809e-04
2.624035230101242787e-04
5.014511288572850653e-04
5.065409413091947468e-04
9.691106775024193156e-04
5.017304134025080088e-04
2.626956121051343923e-04
9.661676829792408515e-04
4.393369033978580091e-04
