9.632548571752974631e-02
5.065754531426646529e-02
4.092917788211307417e-02
2.660958123993729593e-02
4.313279660441961955e-02
9.619808868583427930e-02
2.646479341466021623e-02
4.082997239189210814e-02
2.919515349932013185e-02
3.637390363863148013e-02
4.729190856935051174e-02
1.702656226945165052e-02
3.643805287975470514e-02
2.906651001694230546e-02
1.681179689210670833e-02
4.710934703873979890e-02
1.700340576939022436e-02
4.746923307013387050e-02
3.638678609605215664e-02
4.053617654449758606e-02
4.733485724873321560e-02
1.711917162113386209e-02
4.056621137811240035e-02
3.630219525264152813e-02
2.640088154764104814e-02
4.994024340807778906e-02
5.027203884496191794e-02
9.669370792995400643e-02
4.993774515487988536e-02
2.641152468201879433e-02
9.603117208484882039e-02
4.346202917025500378e-02
