9.695621385192136621e-02
5.177110179643257259e-02
4.297181558368278614e-02
2.639289450203766499e-02
4.287354453053403985e-02
9.780500604939647291e-02
2.643475867241583746e-02
4.287813677814401175e-02
3.012241038034166665e-02
3.783114315624189206e-02
4.646970630058214896e-02
1.715375633937457622e-02
3.778670428732396058e-02
3.016481359713210630e-02
1.696662220545689520e-02
4.641133193714178096e-02
1.694117718027866176e-02
4.699042163485531165e-02
3.769388852108377513e-02
3.913988273744661850e-02
4.688249810525672856e-02
1.707842627294884133e-02
3.904791959671632950e-02
3.778848113224365923e-02
2.638374765616689419e-02
5.048759727956436683e-02
5.063243843686028589e-02
9.812128081191001661e-02
5.043442138497390703e-02
2.628755082075971000e-02
9.650651595320965115e-02
4.426119104577259239e-02
