9.770374230630475294e-04
5.235567921505939262e-04
4.211425912670177692e-04
2.681616899681298267e-04
4.295118230399123070e-04
9.811713280137720431e-04
2.684962768689597374e-04
4.212026253845202353e-04
3.109761269410268349e-04
3.670492239716304016e-04
4.675054557082523876e-04
1.637024447333250898e-04
3.665199869249030672e-04
3.109003085600067773e-04
1.652102512701790601e-04
4.655894924141532119e-04
1.658866738401557832e-04
4.648163160137479418e-04
3.666624275941431110e-04
3.924683392964755562e-04
4.651654845626806392e-04
1.646700592209719379e-04
3.919018007325326893e-04
3.660899689954167269e-04
2.682871822116370290e-04
4.868839382609058933e-04
5.067491299453009621e-04
9.814468083875562982e-04
4.867636547517693239e-04
2.676614002397252438e-04
9.801020992543615137e-04
4.472768674402058517e-04
