2.573505206667596603e-05
4.382723347491379560e-06
1.577611768864720185e-04
-2.376377906169642326e-05
-3.636804828468135449e-04
3.146754213590596144e-04
2.264380772279260833e-05
1.861427081727632228e-04
-9.490506473688921645e-05
-2.262927580518941592e-04
-1.632727307979036692e-04
9.911491065726470845e-03
-3.001550347142062022e-04
-9.925663692129448685e-05
9.932151847195105909e-03
1.583415972178512027e-04
-9.506611351876397692e-03
-3.936165866260148073e-04
-2.352604761123074778e-04
-2.953696252209664407e-04
4.221742141419666241e-04
-1.017154515741015494e-02
-2.779288000910325293e-04
-3.168181837493831829e-04
-4.107637394850428722e-05
-9.879427657618080439e-06
-5.296527930730584276e-04
-6.908464381441320381e-04
3.496687128949530176e-05
-2.775371320397522764e-05
3.524583202575471991e-04
1.685734674274611716e-04
