9.636962316876004908e-02
5.129192364322619074e-02
4.253354479541020250e-02
2.641934740282390198e-02
4.336209243492700899e-02
9.594059561518109014e-02
2.637125173853624785e-02
4.252021772810787859e-02
2.986917681366770341e-02
3.732808924212695223e-02
4.652661333357286516e-02
1.707093110330196520e-02
3.717603008763541161e-02
2.977293411960765107e-02
1.723645769679076761e-02
4.650892614359516952e-02
1.725103245493566848e-02
4.704296936228307552e-02
3.724168416216891431e-02
4.057922709309012138e-02
4.691887340275629342e-02
1.714323019440172624e-02
4.055908319377193177e-02
3.716081291293759498e-02
2.628926508005654389e-02
5.027926455554491969e-02
5.080094444810270143e-02
9.572345750145425103e-02
5.033973875724419289e-02
2.623603686047015771e-02
9.687266658830470667e-02
4.401926695011595253e-02
