9.821022678601740163e-02
5.210223497309846019e-02
4.123824497264225869e-02
2.827415301266643713e-02
4.237113516338852220e-02
9.706594996345960236e-02
2.824982845873779541e-02
4.119206253033921850e-02
3.337225665988750867e-02
3.504391465285451590e-02
4.579842118961147818e-02
1.605907522856548503e-02
3.500616385051617124e-02
3.330104763116783356e-02
1.598373864867999594e-02
4.564394505634942339e-02
1.619196255974604884e-02
4.579604327644101747e-02
3.499232068866497264e-02
4.083953570875047817e-02
4.575996525147905947e-02
1.604199536127944720e-02
4.078330166875489965e-02
3.493083396843201655e-02
2.816933793423062604e-02
4.725930198830761986e-02
5.059371441028987643e-02
9.736802711175401859e-02
4.723439300419117470e-02
2.810343945425057208e-02
9.793446633129876400e-02
4.419909651597870442e-02
