-1.882856458624490841e-03
3.196094776714035121e-04
-5.744002546854452352e-04
1.213473888378480982e-04
-1.257796206136065022e-04
-1.193422020667898138e-03
1.357084903930989405e-04
-6.088510683061155266e-04
4.840594745131567489e-04
-3.245418241949891351e-04
-1.750290314342132993e-04
9.530260832165677112e-03
-3.786779463147234206e-04
4.677467087585383538e-04
1.010455475157067198e-02
2.127508698326363058e-04
-9.737958325221984443e-03
-1.076840399672958923e-04
-3.559894289862839106e-04
7.019083688153806904e-04
1.456778914857901177e-04
-1.000245777055409728e-02
7.289591939004367747e-04
-3.218990512151390115e-04
1.140208333276077339e-04
-2.104450439240284178e-04
-1.754466382263451731e-04
1.575292376286302736e-03
-1.755576277943037521e-04
1.655795476723697843e-04
1.554339867710282383e-03
3.931386406089550046e-04
