8.261075813483012825e-04
5.992467415849126204e-04
-2.499638202221751582e-05
-5.830331538615851476e-05
6.519371295485640446e-04
4.452968409578930307e-04
-8.516342896809006439e-05
1.447651513290357288e-05
1.670058886909882214e-04
-1.949283984973512886e-05
1.454650014921275247e-04
9.682545461571176112e-03
-9.613350182568531797e-05
1.477224129416907492e-04
9.897926478400433450e-03
-2.847056258479737116e-04
-9.479971222515926055e-03
-4.877204523492666859e-04
-2.173771282775839719e-05
-2.834542416660036017e-04
3.681317328295410853e-04
-1.029677189535513175e-02
-1.705543042634522768e-04
-3.460258273822811314e-05
-3.914622935402760573e-05
-3.920922747901236247e-04
3.288846754627939239e-04
-1.174458816204727635e-04
-3.554051859636353223e-04
-8.457161952225771364e-05
-1.129960792141309961e-03
9.418239143963105667e-04
