1.161529981035030405e-04
-2.583705228699348573e-04
-4.208246700213364626e-04
-7.937295176158868824e-05
-5.560853982435729924e-04
1.174055041858097954e-03
-4.079461018580427797e-05
-4.537027379556336673e-04
1.221271195693623100e-04
-7.315328586539169729e-04
9.852286412084017980e-04
9.877793191728300934e-03
-7.545618488808194255e-04
1.023145477317911802e-04
9.885644710101403748e-03
-9.951081013134127108e-04
-9.376464017153661457e-03
-1.170051884283844495e-04
-7.692527876989764665e-04
2.941384290397110342e-04
9.365067534360543313e-05
-1.017427438445047544e-02
2.873704211816473469e-04
-7.570823450016960074e-04
1.425164315034485855e-05
-4.440428343729079658e-04
-8.447486840258572067e-04
-2.628780194033794831e-04
-4.678457251375618036e-04
5.737969818327852093e-06
-1.032971682224052574e-03
1.915629613590570516e-05
