6.610560175988659760e-04
3.811865271521543315e-04
3.385422469194091801e-04
1.841412352916672239e-04
3.326590867980790470e-04
6.005499370743697324e-04
1.842138514263918668e-04
3.369494033876446466e-04
2.006828529863364445e-04
2.663938729225750124e-04
3.909674755426168261e-04
1.174790979156781879e-04
2.738583305330949055e-04
2.005062774788309086e-04
1.408822427312107794e-04
3.816600127932425683e-04
1.208659380409159281e-04
3.008692418361336336e-04
2.598800639409311482e-04
2.625286591521802031e-04
2.936096636369986673e-04
1.280624397261714853e-04
2.660573028360324458e-04
2.642079117342749643e-04
1.869632645606312204e-04
4.044803387918963146e-04
3.892440663404766934e-04
5.788317327614162433e-04
4.153287968192783839e-04
1.834262818305611284e-04
6.370272059866584737e-04
3.169537159598753424e-04
