9.669174953388355587e-02
5.080040023879988514e-02
4.280228757391064259e-02
2.642514822227298374e-02
4.311411961601551573e-02
9.651776389015757907e-02
2.638820395175296707e-02
4.266676786835429946e-02
2.987648872335011557e-02
3.804457102075174679e-02
4.738083419530358248e-02
1.692560008221942816e-02
3.807982980074480633e-02
2.987604681136739673e-02
1.683680255894258113e-02
4.724154606324226097e-02
1.692810200280715771e-02
4.722511240832007184e-02
3.797366141458755756e-02
3.940902659895582222e-02
4.700640539407854174e-02
1.678421004156644206e-02
3.941085984730058334e-02
3.799830771291347331e-02
2.633396439078345905e-02
4.979715464791072133e-02
4.994094386726691953e-02
9.681485526043105694e-02
4.980215700804261486e-02
2.625170384341662944e-02
9.645851740112175443e-02
4.411262273698136893e-02
