9.889005296481777688e-04
5.097843655094589591e-04
4.085130936306056526e-04
2.628461333990675733e-04
4.298248575966869532e-04
9.744347731118308898e-04
2.623850448207253267e-04
4.081374998716208609e-04
2.876169593071412978e-04
3.581680047768895131e-04
4.713589816180500372e-04
1.728297239814901773e-04
3.577047229746799359e-04
2.874782940067460604e-04
1.711536005956632966e-04
4.717124478720924395e-04
1.724807398187036425e-04
4.710092685981418187e-04
3.573888808712564580e-04
3.998543438846557745e-04
4.709295442758847008e-04
1.723770322683800319e-04
3.990078761433285114e-04
3.566917175803389710e-04
2.619164931260036856e-04
4.993463440528676973e-04
5.052049846688181451e-04
9.828555528936370501e-04
4.987391939280177381e-04
2.614537850469670819e-04
9.800224448521233350e-04
4.350074753176630545e-04
