9.691619779453140978e-04
5.077740575516059580e-04
4.305295433033218982e-04
2.626005009301774244e-04
4.304087256713571685e-04
9.644996091076289821e-04
2.618265573539902682e-04
4.300205944007057181e-04
2.996046355223915209e-04
3.744367000833899320e-04
4.705156902253929715e-04
1.674338649266198084e-04
3.747723342361841898e-04
2.995559980932377929e-04
1.677653821621126419e-04
4.687149489066815954e-04
1.693250062969459113e-04
4.656783294418494201e-04
3.736278643804589387e-04
3.942886701841113485e-04
4.651381209467589871e-04
1.673955765463632558e-04
3.938601502672421715e-04
3.734116638112079125e-04
2.606882249958201742e-04
5.010028781502321761e-04
4.978739307010697284e-04
9.632464860574553112e-04
5.001357000091777609e-04
2.605455237325115625e-04
9.654383707073707199e-04
4.421583049831370564e-04
