9.739534686019374332e-02
5.055012401490468349e-02
4.216612378710521414e-02
2.656644896900525743e-02
4.247105866286627479e-02
9.731536487401867830e-02
2.657541444086986004e-02
4.220818960751308163e-02
2.963127873500661855e-02
3.770586276244200508e-02
4.753986046360566403e-02
1.717332312188750085e-02
3.767762983556156853e-02
2.951380985885996081e-02
1.719881828397336679e-02
4.761179879001307264e-02
1.734505908852052719e-02
4.658531909078075794e-02
3.767797178509361966e-02
3.999216742783490153e-02
4.639830407188861444e-02
1.720677436379438111e-02
3.988673467284187257e-02
3.766971706641730755e-02
2.641788101718836948e-02
5.039396678130638602e-02
4.991054537975808669e-02
9.758587125053008737e-02
5.029800267828639371e-02
2.644474530922336780e-02
9.608906685874597786e-02
4.319985234043408062e-02
