9.698751122963175653e-02
5.141500667600470975e-02
4.303324175792926087e-02
2.583631166320771166e-02
4.296702885495148894e-02
9.791879313481648139e-02
2.583534291697365398e-02
4.295320146701853831e-02
3.011922997092266949e-02
3.732330539286003723e-02
4.652764498923217529e-02
1.696444463379587209e-02
3.730075833712973021e-02
3.006749736030297007e-02
1.708199362840255933e-02
4.657705895981489180e-02
1.688290954164947330e-02
4.653607778349826835e-02
3.736918380906675136e-02
3.909767352582569494e-02
4.636706748233500319e-02
1.695745540314337954e-02
3.900330130121090061e-02
3.734281108564783264e-02
2.587302136406360517e-02
4.975212538739817725e-02
5.042298398447984942e-02
9.762318622534486845e-02
4.968715423933860870e-02
2.580245460689296194e-02
9.709413376213565927e-02
4.411851225108346514e-02
