9.664338876509044607e-02
5.208335836535636643e-02
4.093757885073483899e-02
2.820566757511421344e-02
4.234887865782367700e-02
9.699868234382823251e-02
2.819294161651875880e-02
4.096765254428355596e-02
3.305553139200709950e-02
3.549777025700679572e-02
4.630261142419949544e-02
1.583598147603576534e-02
3.539348937031275288e-02
3.298761558008717065e-02
1.597892225705802721e-02
4.627770102835445515e-02
1.609972399517419980e-02
4.609483375022808277e-02
3.547277474981015699e-02
4.042947550440607191e-02
4.606228021048383581e-02
1.588985599853416641e-02
4.035683526595674336e-02
3.541744835313708623e-02
2.803977547007061727e-02
4.736568538127418349e-02
5.070649473126631612e-02
9.713464681788988586e-02
4.736522983492839206e-02
2.806136228076075087e-02
9.662338951905599660e-02
4.408530178964869400e-02
