1.075406917563696515e-04
2.892688618333392548e-04
-5.655517587257316087e-05
2.763382866839360333e-05
-1.700039581246915702e-04
-9.450834806790362516e-05
4.177533422979872330e-05
-4.958789572317493080e-05
-2.905173261157397563e-05
9.296762757981905133e-05
-1.308580308003185128e-04
9.636672032351146708e-03
8.603791124913176493e-05
-2.949005148873217627e-05
1.004474659702932898e-02
1.304351604422536741e-04
-9.620598070560971299e-03
3.540260428278464954e-05
6.302682422283694330e-05
1.097984628705643927e-06
-3.632305516714266839e-05
-1.002290101499758203e-02
6.843450428240197324e-06
6.521124333962625020e-05
6.378122916369755805e-05
-8.386614636832781739e-05
-1.592155903139976208e-04
-8.115345185252395772e-05
-7.263760163843884605e-05
6.431786692338086159e-05
8.123497689288149051e-05
2.818334789197343791e-04
