-1.276989036348173678e-03
8.538239491186205843e-04
4.979316329024334378e-04
-2.819737832012257487e-04
1.705904196502373350e-04
-2.283819605364049987e-03
-2.321887409850403145e-04
4.889588887306429554e-04
5.818331078583040186e-05
3.758749171626663433e-04
9.949657295930184047e-05
9.550989063496493833e-03
3.190494540080737718e-04
1.533699077431874153e-05
9.959618940680727700e-03
-1.714664110504152507e-04
-9.530500659036818950e-03
3.357422510085954312e-05
3.346133998860971524e-04
-3.316714760673309726e-04
-2.201076175517265718e-05
-9.892197562037127051e-03
-2.527297458334121054e-04
1.854929000471022154e-04
-2.994250514168523571e-04
3.507530453030461258e-04
3.417315394484642631e-04
1.802954767256970472e-03
3.672951197430560869e-04
-2.863095210722786405e-04
1.768424947917116756e-03
6.685375162402297901e-04
