9.668576159525131726e-04
5.080869933081843355e-04
4.141181895838409168e-04
2.652829473518154694e-04
4.265835116371253176e-04
9.695161044336604150e-04
2.650601723919071323e-04
4.138667455110009528e-04
2.915420321525529672e-04
3.657984586282620734e-04
4.674211854924022365e-04
1.716009134438574695e-04
3.657671423564908225e-04
2.911542978204247458e-04
1.718747196463772675e-04
4.663734306406212143e-04
1.736350758892720532e-04
4.697331711678413586e-04
3.662822974002269503e-04
4.017942811625624931e-04
4.677843037899606410e-04
1.711618202114740400e-04
4.014928624205894620e-04
3.660220161556026531e-04
2.645886407356241800e-04
5.011483817436172741e-04
5.049145777642127450e-04
9.743534813246450309e-04
5.007345870818638838e-04
2.635723867926979716e-04
9.706158105639077450e-04
4.303832942444794246e-04
