1.684892093737039081e-03
-4.504668467008959257e-04
7.179813643399720333e-05
-1.370493347600147476e-04
-5.932631107288576303e-04
-1.136788241828801463e-03
-1.141645199204005556e-04
7.919044004635045198e-05
5.866552244379100970e-05
-6.997532881910771834e-05
-1.258662638655571372e-03
9.801506903461185832e-03
-4.159049362746536669e-05
1.261058757146348399e-04
9.731441866368524193e-03
1.288327964917181231e-03
-9.400332804021494307e-03
2.538252443733759355e-05
-1.093942179850225326e-04
-3.669998486069296953e-04
1.287981376012676595e-05
-1.022124981755691449e-02
-4.258321628712824448e-04
-1.035660079393493774e-04
-1.033147468170999628e-04
-6.759920407785585238e-04
-6.414338971711851722e-04
-4.694315491126481183e-04
-6.630713162006100694e-04
-8.089768766607452325e-05
1.353199932374388252e-05
-4.012868078651657074e-04
