9.744326636696389043e-02
5.168161598249298300e-02
4.224878475697883828e-02
2.716690200641427855e-02
4.268587004719424233e-02
9.743762302991991475e-02
2.712526413285149679e-02
4.219914515000681987e-02
3.158763003740909514e-02
3.648901529817193123e-02
4.635862793427381057e-02
1.629216630505706670e-02
3.646693788257586444e-02
3.154172936572720992e-02
1.626612990545861850e-02
4.628885635014560324e-02
1.631375139691122744e-02
4.640940561103560486e-02
3.646384213920916134e-02
3.963288322621207060e-02
4.633020792474331490e-02
1.630934694690768655e-02
3.959093875618664021e-02
3.643953756892207713e-02
2.709121437344270619e-02
4.850227853148660756e-02
5.028575006520022428e-02
9.742126739254615420e-02
4.846436189668821420e-02
2.705689482039996818e-02
9.745353486545646482e-02
4.431701041347463343e-02
