9.718010158658045572e-02
5.140034528749459763e-02
4.246579023331506497e-02
2.603570328949917148e-02
4.243912202411043166e-02
9.654410891572443032e-02
2.604236804571650327e-02
4.243997964320419397e-02
3.067041870435873244e-02
3.687362465198789491e-02
4.631412246945161570e-02
1.661224756463313204e-02
3.680479248016527150e-02
3.059151058855797550e-02
1.632302757630412632e-02
4.623535159645443537e-02
1.651419695462885348e-02
4.598184425979617851e-02
3.680376330966848852e-02
3.900665966783561228e-02
4.592478882976794297e-02
1.653431157805856228e-02
3.894921194211609095e-02
3.672373299875955621e-02
2.599413917131379592e-02
4.902147562720055030e-02
4.993088929241883134e-02
9.687468965196444071e-02
4.911302764995545411e-02
2.599564803191930715e-02
9.672996172835997275e-02
4.400704910417410631e-02
