9.726901960020460647e-02
5.129719033368138753e-02
4.289731582829481998e-02
2.654340860174485631e-02
4.291237700590215531e-02
9.604563821574137183e-02
2.650550477298099783e-02
4.281716488733539050e-02
3.089322434132614134e-02
3.697611499130720042e-02
4.732223474392591167e-02
1.670199943894811953e-02
3.702953728971061093e-02
3.085058778210764824e-02
1.658129611055214267e-02
4.706989313446994366e-02
1.654485581617950313e-02
4.689614058159833482e-02
3.700423363465935728e-02
3.921723680686348135e-02
4.677559457608974902e-02
1.679380726170203939e-02
3.916082670626910844e-02
3.695536668268668140e-02
2.648242363920740722e-02
4.955657682714920131e-02
5.009968335439965448e-02
9.645344483872232699e-02
4.952637217959160454e-02
2.649423945796014479e-02
9.666345920658112045e-02
4.437831934962430114e-02
