9.669539907894919573e-02
5.117603118598060968e-02
4.292935808200469550e-02
2.630742853034124737e-02
4.293410018612126011e-02
9.563689049948044529e-02
2.624893031581221337e-02
4.292255817268623985e-02
3.002222594417273960e-02
3.729492383859248084e-02
4.653170491382079693e-02
1.711933821006722187e-02
3.729033286507860145e-02
2.989771680255988787e-02
1.700783297598044974e-02
4.646248972056239712e-02
1.720092317196834225e-02
4.748686076726490318e-02
3.732638696570052955e-02
4.022900177503799246e-02
4.759123225941234298e-02
1.720293162539175691e-02
4.015558063830684116e-02
3.725246053500209237e-02
2.618600649612316811e-02
4.935024466008838817e-02
5.015437580625851932e-02
9.573407857817006761e-02
4.928038325677171899e-02
2.625184730801279412e-02
9.659622158639576128e-02
4.401920580394057952e-02
