9.775815392813547514e-04
5.237054189964409105e-04
4.209116719962518256e-04
2.696471157953392208e-04
4.301506179701958688e-04
9.651302202823505445e-04
2.692849650361997201e-04
4.196718887387371048e-04
3.167648782835345823e-04
3.631173025533404402e-04
4.682101153659984295e-04
1.645643984253344102e-04
3.625483853078495088e-04
3.153237433961950825e-04
1.631188914323876155e-04
4.675974091225250178e-04
1.626661410580615842e-04
4.633881425331729431e-04
3.634326365113203891e-04
3.952557570704857384e-04
4.633653120671098169e-04
1.642096529151663628e-04
3.948540821138973173e-04
3.626356296070042682e-04
2.699018112038844099e-04
4.870439509936404904e-04
5.074224529512017141e-04
9.717355872059910181e-04
4.879619035072077699e-04
2.698406251791891572e-04
9.716983314272308265e-04
4.472436611911545620e-04
