9.735172502386196716e-04
5.144152141790972552e-04
4.254209993037821685e-04
2.656107855639309621e-04
4.289034507610666662e-04
9.835213519850808436e-04
2.649130865818145560e-04
4.249687822228286256e-04
3.072412470580498348e-04
3.713669033024578252e-04
4.673391812712549432e-04
1.650043828117156572e-04
3.709324561359749438e-04
3.064936661141116447e-04
1.655291020414817709e-04
4.664482084884861361e-04
1.670344652996306263e-04
4.685913623962333833e-04
3.707142862643350600e-04
3.884052458060604346e-04
4.684758314561297929e-04
1.672281537304018406e-04
3.884747540604759335e-04
3.706654670908418646e-04
2.642374934239037979e-04
4.926016327273798848e-04
5.005974800979533408e-04
9.720650566350117145e-04
4.922864410027926428e-04
2.643473614088066989e-04
9.798292873382139726e-04
4.440300046004597048e-04
