9.719539067130738815e-04
5.224046546123962661e-04
4.307654786201229723e-04
2.649471457461708519e-04
4.310695302710672522e-04
9.708980993416863395e-04
2.651626906317361464e-04
4.302639142055499771e-04
3.053930300132449765e-04
3.737411075653545981e-04
4.616815065048447122e-04
1.695025860221183959e-04
3.731345799767696357e-04
3.049727725822089079e-04
1.679668031131226875e-04
4.609737394256265691e-04
1.684043862308661735e-04
4.660901770278155342e-04
3.733275940398108434e-04
3.912538443527505756e-04
4.646751250363453239e-04
1.688039587899890564e-04
3.907827052808666404e-04
3.733501253090277974e-04
2.651290591173536605e-04
4.917604788372281635e-04
5.092348145515231388e-04
9.702144197915362270e-04
4.915839062443232632e-04
2.646867286594360453e-04
9.728045230319719728e-04
4.457289767356909156e-04
