9.832288140559624495e-04
5.148664661308737000e-04
4.366420080004943622e-04
2.603881087789736365e-04
4.306670627277348192e-04
9.753310751887405046e-04
2.607392423678821778e-04
4.363709673379562626e-04
3.032222664041119508e-04
3.762486477931408857e-04
4.660635343324905935e-04
1.707374289182876214e-04
3.756323109256457828e-04
3.030006802472931656e-04
1.711834032683906494e-04
4.674356988067920405e-04
1.696985982624412965e-04
4.636082492085358167e-04
3.754396063731889463e-04
3.969130682516951885e-04
4.616812823109319830e-04
1.704775745176905161e-04
3.966640360737337580e-04
3.752445394027088604e-04
2.597044217835886115e-04
5.019869694677000756e-04
5.042674185038496055e-04
9.814588886977919455e-04
5.025122787061637140e-04
2.584683279693723965e-04
9.744668545395590185e-04
4.415438268668850450e-04
