8.113587222011972621e-04
8.573093359210792568e-04
2.277681797029658514e-04
2.406655048130381736e-04
3.691862779984257919e-04
-8.233765335066407873e-05
1.796405013170608697e-04
2.307043584534806079e-04
6.101375862783709061e-05
1.921402740515903269e-04
-6.880171505436760183e-04
9.820137544951069997e-03
2.483676325642365486e-04
1.196351091565616808e-04
9.840885535801278949e-03
7.547226437716841700e-04
-9.296823920160502547e-03
2.211246477387522353e-04
1.982237327783045635e-04
3.949616969640904873e-04
-1.379460557090762243e-04
-1.012456128322896526e-02
3.879426901729476082e-04
2.157790046990932283e-04
2.419268094981880731e-04
4.336215608436049299e-04
4.052566228772303144e-04
-8.181491527911425882e-04
4.651395540816390703e-04
2.743260213816137399e-04
1.960516961405614933e-04
8.905057531249531205e-04
