9.785385464272107047e-04
5.222904084981331218e-04
4.193597705094113818e-04
2.727612849896254312e-04
4.259703161668950354e-04
9.742772791394760292e-04
2.724963495148825321e-04
4.189948139864363669e-04
3.107440192203398430e-04
3.641423304039773687e-04
4.655170864395308077e-04
1.633995096813137542e-04
3.643655961267084470e-04
3.103800953340630922e-04
1.644026003833239916e-04
4.665887987377755042e-04
1.659824886116464612e-04
4.629008288700652788e-04
3.636815847909141827e-04
3.963258131791626759e-04
4.636717632138750468e-04
1.652497774379450379e-04
3.950339807980240525e-04
3.633831552074145749e-04
2.720020631244168016e-04
4.735523239350023796e-04
5.071575646771423352e-04
9.809099187774144701e-04
4.726587656019073783e-04
2.716750286011103887e-04
9.687213560872480912e-04
4.427593996076133100e-04
