9.636404694759896422e-04
5.251507145345329398e-04
4.308586278042423495e-04
2.654309979492341931e-04
4.345338503277338662e-04
9.631315065706365581e-04
2.641879444627978830e-04
4.302541656638531097e-04
3.013830896730531738e-04
3.747704483988995180e-04
4.634969234617549090e-04
1.686953430185383614e-04
3.745569162217087552e-04
3.006060522141352251e-04
1.686270703019617585e-04
4.632117828565433652e-04
1.707843849899125862e-04
4.710209205921013563e-04
3.749426052541395753e-04
3.867819012379122021e-04
4.710089111922973154e-04
1.700498277007234419e-04
3.869671001925757497e-04
3.750572862086216735e-04
2.637815546102103919e-04
4.964993781405265590e-04
5.103593970110198138e-04
9.651282618831451537e-04
4.962479100662465451e-04
2.641710546742920057e-04
9.654197457523883575e-04
4.501197040651423601e-04
