-4.422544622441898087e-04
5.209860572024224614e-04
5.926668762612337599e-04
-1.187474518078599913e-05
-1.859728841959391637e-04
-1.463097861844646873e-03
6.288947676717954215e-05
5.249829938818162661e-04
-9.102707627582118410e-05
1.094804978548280982e-04
-4.062427623103445867e-04
9.524886486501005917e-03
4.199348998272967888e-05
-7.359359141385647110e-05
1.017420375812787270e-02
4.553116764534093108e-04
-9.743591932522600169e-03
1.866647845559619588e-04
9.454574532096408207e-05
-4.992540018677790173e-04
-1.864360255309873468e-04
-9.953066751507476037e-03
-5.359101209624159839e-04
5.330283956279156750e-05
4.453444758712718282e-05
3.881636436425320844e-05
9.412642804685437676e-05
7.508749066975733662e-04
4.701962917890829900e-05
7.579727659741319272e-05
1.179068225538089420e-03
1.826343195654463300e-04
