-9.931752819130276484e-04
6.073370567970887363e-04
-1.194680030452900232e-03
8.510185029629024900e-04
-4.811242653500811514e-05
-6.765584340531503654e-04
9.133538261536719438e-04
-1.158001254746877972e-03
4.841299184009047228e-04
1.676499288252107428e-03
-2.071729320268639047e-04
9.196658807600342420e-03
1.532980618437153678e-03
5.346860076627132745e-04
1.027909623108788119e-02
1.730304342691039825e-04
-9.825994654609026061e-03
2.330270716103970726e-04
1.601138029394898405e-03
6.167181922928608199e-04
-2.145083503370667029e-04
-9.748272277617663767e-03
5.983674649370909282e-04
1.484946891553127124e-03
9.620056615754872531e-04
-1.335065763817131802e-03
2.382483516208660904e-04
6.209137416163047806e-04
-1.355468924874236956e-03
9.156299482242912392e-04
9.851988215816825240e-04
3.303398222103359717e-04
