9.735455797828108764e-04
5.127982663746534194e-04
4.295483153873941263e-04
2.650870669519070767e-04
4.242525379338212563e-04
9.757639063822598708e-04
2.641678100787981970e-04
4.288928407222892571e-04
3.010291621559853291e-04
3.752560959645682417e-04
4.735064693069655794e-04
1.706928494113853971e-04
3.755730823992916309e-04
3.003250556918338437e-04
1.729205307147473406e-04
4.728632336045571010e-04
1.726659364085542548e-04
4.727175661747669484e-04
3.750986954263472919e-04
3.992142367239623216e-04
4.721539281827615031e-04
1.720096809210271225e-04
3.992789661586887873e-04
3.740796235002034876e-04
2.639510546294575950e-04
4.928005675699708918e-04
5.027638362265185153e-04
9.662284105660046618e-04
4.918638505408144722e-04
2.630134757739502772e-04
9.746968968981750258e-04
4.361642295936469984e-04
