1.407308668078902222e-03
-8.119229417553658259e-04
3.895137874548305315e-04
1.115295830024765045e-04
-7.116488016925199330e-04
4.215818191910329074e-04
8.423041284775438075e-05
3.541047526450792865e-04
-7.621261294974669904e-05
-1.517155565266027086e-04
4.410431643897908547e-04
9.842577096904796610e-03
-2.151540226370683880e-04
-5.599182694787313368e-05
9.656373563947020372e-03
-4.071152168143260899e-04
-9.345991217472732204e-03
3.217324345998107040e-04
-1.805247270031833432e-04
-1.558794229847491853e-04
-2.839386059716139427e-04
-1.029371971749301964e-02
-1.497505494405607649e-04
-1.976536932260293956e-04
1.559666085156645378e-04
-1.136172996867725429e-04
-1.108511496709523947e-03
-8.420977865867332324e-04
-8.657257297602034612e-05
1.502065132057860326e-04
-1.021826637684124890e-03
-4.097027122642984466e-04
