-3.171357259816038449e-04
4.364897447820089349e-04
-4.439445411102819518e-04
-3.079337891129601775e-04
-9.017803200865857113e-05
-1.512119635341582866e-03
-2.027066180080138846e-04
-4.322547440506882750e-04
5.964083029441490276e-04
2.638414526023538602e-05
-3.775175037638890132e-04
9.614030607820520449e-03
-2.486537210292642005e-05
6.345820624106216640e-04
1.001365367491923418e-02
3.093607948800679145e-04
-9.607845934835296253e-03
3.872552386408651304e-04
3.587427703494152546e-05
5.092453859832931458e-04
-4.538493700247791390e-04
-1.006913616532081369e-02
5.177760870665219176e-04
-9.927796378454642478e-05
-2.146213247244787149e-04
-1.093887196800739968e-03
9.392652583223986011e-05
6.215798446790901611e-04
-1.091137123821712702e-03
-2.776855644027482876e-04
1.263236052918326018e-03
2.285617713845460378e-04
