9.780588063564843709e-04
5.048649672610473500e-04
4.170198191499312895e-04
2.675352195406132338e-04
4.226555843076371848e-04
9.768113545588013279e-04
2.671424089261673941e-04
4.161816212563770770e-04
2.896405570026907412e-04
3.674902629940890648e-04
4.725099016181480600e-04
1.725647617428258227e-04
3.675407899445311960e-04
2.888377812184562033e-04
1.702544387840869726e-04
4.731804569687769117e-04
1.726912952686391733e-04
4.682280621959497829e-04
3.678547570581093768e-04
4.037049401829562916e-04
4.677898301814654319e-04
1.717192315462551515e-04
4.039362150400641819e-04
3.674237858752849007e-04
2.665357437344979602e-04
4.996104862310849588e-04
5.004472798470645765e-04
9.862388141751265817e-04
4.995808120669170856e-04
2.655002556820129449e-04
9.671816978034559770e-04
4.274696677242230641e-04
