9.808993861553060023e-02
5.177822071934105874e-02
4.242204387326495990e-02
2.730792357903832207e-02
4.250974456375370553e-02
9.831199814782218271e-02
2.732414514166379288e-02
4.234948578776445011e-02
3.145572689083981494e-02
3.604098726014521442e-02
4.690759020011007335e-02
1.596925632146136212e-02
3.604982326304070894e-02
3.143524478542200629e-02
1.615570187913306990e-02
4.674033817133874114e-02
1.605733019121008409e-02
4.623885750091815544e-02
3.595522412337523455e-02
3.982364761798873332e-02
4.615505358555185844e-02
1.628264244428683297e-02
3.971172866356087461e-02
3.597158734446453260e-02
2.731147409504786072e-02
4.831268830386453716e-02
5.031153331481673374e-02
9.740839463823738886e-02
4.825015426045134448e-02
2.715969181039814412e-02
9.853862718033672141e-02
4.414456471430881074e-02
