9.985528909549515157e-04
1.726255062684913032e-04
2.431522101629811806e-05
-1.366788858684912691e-04
-1.572274804253914087e-04
1.525783642286061533e-04
-1.131205992361203067e-04
3.019058391167037578e-05
4.843420568875241158e-04
-3.226749683027983024e-04
-3.237278590483742640e-04
9.695693990023351513e-03
-3.368745551378884854e-04
4.277618794460372339e-04
9.932580359463935929e-03
3.703581969909075749e-04
-9.558195477949666188e-03
4.565248516200865522e-04
-3.662110891538849795e-04
4.342602243293496988e-04
-4.262180332374756152e-04
-1.027999241201874893e-02
5.064819174222766340e-04
-2.897453548353112513e-04
-3.557653931580938425e-05
-1.931221457920733180e-04
-3.646554667781948971e-04
-8.147395685985957042e-04
-2.241156817037401338e-04
-9.332533951371589317e-05
-3.043270151460946804e-04
4.093682175173795029e-04
