9.656690373140099006e-04
5.234696681943611010e-04
4.267732113610079887e-04
2.622355362451016941e-04
4.330060877887979809e-04
9.702789272871539458e-04
2.614752094373863243e-04
4.265479750961965436e-04
3.035987402886624318e-04
3.727443545798925684e-04
4.645323935714618015e-04
1.673559320577195785e-04
3.720638074575911380e-04
3.023919168777280367e-04
1.677308984488047963e-04
4.642965064100348926e-04
1.688007081038481638e-04
4.652530913921637469e-04
3.730302453569857030e-04
3.917153672489275570e-04
4.636185722154278783e-04
1.672279994667098780e-04
3.916051503462793736e-04
3.719387744181490625e-04
2.609456369304295168e-04
4.933403369174519347e-04
5.090180603601294086e-04
9.653931623723252661e-04
4.931083618980962573e-04
2.610358301057300956e-04
9.701242165131397166e-04
4.483583611726164376e-04
