7.422957516904709566e-04
5.340522029273847776e-04
-1.709301658161573999e-05
-2.394444767781691978e-04
-8.897741101019270287e-05
-6.813675409913907879e-04
-2.521140532044952856e-04
1.022412783772118010e-05
2.937664204871954566e-04
-1.354358596179666627e-05
-3.687456679908750375e-04
9.741532839386864498e-03
2.487301501824116105e-05
2.938249988629851469e-04
9.946575020341871451e-03
3.145368337243312435e-04
-9.583973512223842306e-03
-3.631503613787195016e-04
4.277557831694965665e-05
3.425118344204052087e-04
3.456916650841344884e-04
-1.018650056452211246e-02
3.597407086854496742e-04
1.136148829219123263e-04
-2.603468230239544936e-04
-3.184892745936432129e-04
2.034154276341527013e-04
-4.106981681811741505e-04
-2.788377776871081115e-04
-2.331353798372945213e-04
4.317082022534216327e-04
3.460145860668778191e-04
