-5.401310635571471850e-04
1.744953091275803201e-04
6.368707890115837085e-04
-2.648379019249139576e-04
1.522640594194390052e-04
-3.790056279318806671e-04
-2.926852834452204136e-04
6.568532525676863774e-04
-2.045084660046029624e-04
-4.282401881660407249e-04
-5.325784899001680898e-04
9.608632252146606309e-03
-4.442875790306272891e-04
-2.019023532554338083e-04
9.887853347897547843e-03
4.142967638676239720e-04
-9.466643852132241785e-03
5.085310304378625173e-04
-4.501228143213620888e-04
-4.294991836730175120e-04
-6.119713243177887698e-04
-1.013888540286496734e-02
-4.106259585797462528e-04
-4.823755468747742002e-04
-2.604574981787757012e-04
4.438405068363934715e-04
-2.234468101104676693e-04
-1.503510242618142756e-04
4.227238860291547334e-04
-1.974824757212072636e-04
1.118253006047079112e-03
6.012857271015229930e-04
