9.505764226423078778e-02
5.161457082364152849e-02
4.205841831554126692e-02
2.650949679156087285e-02
4.304105857127981521e-02
9.557731683257324196e-02
2.650658493865259285e-02
4.193329004169671359e-02
2.971636176698481957e-02
3.738965499506051449e-02
4.707266073459754480e-02
1.722353293099516958e-02
3.737276229201727529e-02
2.971225652314068988e-02
1.703912140579625506e-02
4.707153629128624922e-02
1.705371050543152966e-02
4.691500018659369720e-02
3.733362086403801267e-02
3.951833882926892444e-02
4.696737325472494923e-02
1.724006534158167500e-02
3.949593242647447128e-02
3.734327111750364303e-02
2.646282935660700109e-02
4.993541409634641437e-02
5.089382185628956584e-02
9.540706596584160037e-02
4.993430251807355613e-02
2.643031627049723456e-02
9.500793415614974813e-02
4.392053593704944164e-02
