-5.971956007735359714e-04
-1.026058196611152374e-04
5.852001589417982208e-04
-4.586479571033940181e-05
-6.830615027115881756e-04
-1.297641726656109185e-03
-5.368502424240609533e-05
6.321745911053131299e-04
-1.548328425031196076e-04
-6.917919349171959380e-04
-4.766671128369599992e-04
9.472833138267295131e-03
-7.310937531559962704e-04
-8.909994955255443288e-05
9.922691783706451274e-03
3.646674532055766338e-04
-9.466856149168079854e-03
-4.726905973641175383e-04
-7.717443142122355380e-04
-2.609093000481727551e-04
3.808348603582140134e-04
-9.891670333519382227e-03
-2.890548239520549282e-04
-7.046410399240533124e-04
1.046132026465573404e-04
4.775859350720959681e-04
-5.808611481462879964e-04
1.574095946500260945e-03
4.490836018591431132e-04
3.110088367098749143e-06
3.613226371914117973e-04
-2.144050963886722763e-04
