9.756157853634925443e-04
5.055858482618523801e-04
4.178250453084250129e-04
2.676247042977413816e-04
4.246624802362763311e-04
9.638130647881379583e-04
2.668633073714251833e-04
4.165197915937701484e-04
2.936693056083802735e-04
3.678689651595199415e-04
4.681097741114338901e-04
1.711273011914172691e-04
3.679060443310008767e-04
2.934950689883758382e-04
1.702615668918441784e-04
4.665740117292851139e-04
1.706740689669039102e-04
4.677441415277299374e-04
3.675018402784251321e-04
4.046499504633185992e-04
4.668539304041171233e-04
1.725412185626726399e-04
4.044751361949977769e-04
3.673821300010495037e-04
2.664522847020569900e-04
5.006981765667596358e-04
4.999120383402494124e-04
9.774790863512981386e-04
5.013812147368347212e-04
2.658867138901112055e-04
9.614964771839132037e-04
4.298627828919222285e-04
