8.305347339791843567e-04
1.669260421347552056e-04
-4.508943325613977145e-04
8.148646699029574300e-05
-2.932974526199835742e-04
8.645449692042098035e-04
1.320294244598664579e-04
-4.425482785952463923e-04
-3.015027205294616442e-05
2.496397775272337998e-04
-3.825202554335093493e-05
9.709356242375649648e-03
2.060290887705452923e-04
1.456292907602131724e-05
9.883692340556532105e-03
-9.029585705696873530e-06
-9.439165263385595681e-03
-1.821518665928701340e-04
2.325236647096425762e-04
5.321266421223502536e-04
1.059108783664807401e-04
-1.003220899462415466e-02
4.709832390905766149e-04
1.838362773168247160e-04
1.446244498667780150e-04
-2.965886533652669732e-04
-1.763989470907717755e-04
-4.259839489587105522e-04
-2.970324196077662559e-04
2.107759862418227337e-04
-1.240423618065041901e-03
9.112035013852029107e-05
