9.841530110617782712e-02
5.247392682398947794e-02
4.058118980238286516e-02
2.879851099889447347e-02
4.263899390031037490e-02
9.793090407132670761e-02
2.873175121785596919e-02
4.049822320061279013e-02
3.409316724401460080e-02
3.476943659242193174e-02
4.575972793748374345e-02
1.551688598536767744e-02
3.473502141095792528e-02
3.406026819876382256e-02
1.556167110373344979e-02
4.557293628832009141e-02
1.562428685326224496e-02
4.587091292447920132e-02
3.474440529288640861e-02
4.126571514848116629e-02
4.585721579757474214e-02
1.569140911603418218e-02
4.128208515948796758e-02
3.478765364005835525e-02
2.869835409705083495e-02
4.689925254352792644e-02
5.082457725002579446e-02
9.820280738832895540e-02
4.691255659135543793e-02
2.866289266133153352e-02
9.864067485128096002e-02
4.442157012597190702e-02
