9.685902037351531730e-04
5.233476954425034591e-04
4.137442381178393718e-04
2.763131205092816804e-04
4.301372854059496657e-04
9.750648215386635825e-04
2.756798362219660490e-04
4.139963886913881289e-04
3.144127849067090432e-04
3.588173447630278495e-04
4.701892191791829756e-04
1.610898391749860943e-04
3.588080486171023255e-04
3.141446266357627898e-04
1.610330920409857691e-04
4.690552946950650231e-04
1.615413138784116691e-04
4.693884165045648861e-04
3.577882407408713539e-04
3.950003551863765731e-04
4.684176595523289826e-04
1.607708694411349667e-04
3.947149561910889837e-04
3.577611156231038704e-04
2.748191397342150699e-04
4.739564387096571849e-04
5.098532903930071657e-04
9.723471505325719010e-04
4.734978726936205713e-04
2.748398636571259342e-04
9.706981408726658364e-04
4.469887637636092118e-04
