9.721175547274389954e-04
5.105302735930617591e-04
4.196523499615160513e-04
2.619831347722171243e-04
4.320786602992395128e-04
9.711915922599957587e-04
2.624728025653946524e-04
4.189392663392046056e-04
2.925066648160301293e-04
3.592819665299032362e-04
4.681550400167964554e-04
1.697520194452328693e-04
3.590490731748339332e-04
2.921057130828083191e-04
1.706707124393978044e-04
4.670123257959844765e-04
1.693982368444248978e-04
4.697537896866620902e-04
3.594067281912640636e-04
4.052455185393717468e-04
4.683713056472932606e-04
1.703787089463746425e-04
4.045103395526833488e-04
3.591713246031554788e-04
2.619524865366947507e-04
5.016248940542508737e-04
5.066972615343410223e-04
9.636769676091784444e-04
5.012148725730016354e-04
2.610180565239471036e-04
9.772421383693130972e-04
4.369410851570566887e-04
