9.667093462529099740e-04
5.171768568175070776e-04
4.295945467555360221e-04
2.671122045548929486e-04
4.263411074244775737e-04
9.639558640946877931e-04
2.661414121449014441e-04
4.290468256323192787e-04
3.060290303010413868e-04
3.711487124512061761e-04
4.624254772030945092e-04
1.666399582263012051e-04
3.714074436185548444e-04
3.061535230341112281e-04
1.665483919948834712e-04
4.618503022235289496e-04
1.658978756802155963e-04
4.635129972649764535e-04
3.698903723115226465e-04
3.934050393004008702e-04
4.633402668298024132e-04
1.671207024632004410e-04
3.924301840801872185e-04
3.703649575015000505e-04
2.660327367439988466e-04
4.942960474698426983e-04
5.030132780251863863e-04
9.616999589075303067e-04
4.931256664880177354e-04
2.649382625649350617e-04
9.713595353269281665e-04
4.422702886688967077e-04
