9.803359087622080803e-02
5.201499540810491234e-02
4.062827455196697801e-02
2.905137315487681463e-02
4.220111102784378926e-02
9.692740931372154090e-02
2.906336706314212315e-02
4.063790808454265102e-02
3.403070956954816484e-02
3.481908371931170115e-02
4.595831409747588858e-02
1.566676547018022031e-02
3.472914893475479575e-02
3.401110690780113910e-02
1.578966429236133839e-02
4.585710132114732829e-02
1.586744879798174940e-02
4.593100524783071820e-02
3.471567570408541636e-02
4.148620573334254463e-02
4.582021390726803006e-02
1.559373600395959521e-02
4.141322651473904742e-02
3.463631072735948169e-02
2.896097559109987382e-02
4.739635416226843645e-02
5.048650342402858510e-02
9.699841674336810715e-02
4.738075001515174717e-02
2.892922590867734803e-02
9.742055514183738107e-02
4.402760081560211369e-02
