9.658754017552087512e-02
5.109195067109147809e-02
4.182521786528085178e-02
2.641426765776326915e-02
4.316323678090014382e-02
9.591367809025430624e-02
2.643287542921620228e-02
4.177774906676875316e-02
2.929886922643056349e-02
3.635483091089182495e-02
4.680423577892833115e-02
1.706890540651426202e-02
3.637858318949024894e-02
2.924806567523666190e-02
1.700586619887695106e-02
4.662887182047063123e-02
1.704615556081846492e-02
4.730071340077017517e-02
3.644119389607720916e-02
4.029600464869940307e-02
4.723309068325553389e-02
1.711414430987848179e-02
4.010668247795470820e-02
3.638627547005519186e-02
2.646147261160244207e-02
4.988015231856788440e-02
5.069726315621420065e-02
9.610824838577997076e-02
4.979209696720584416e-02
2.637767542584006780e-02
9.618645657372602853e-02
4.358445330554413383e-02
