9.614586264821574878e-04
5.113418544639529439e-04
4.323717852870610973e-04
2.616346424317304354e-04
4.284118646314217594e-04
9.704161272479399280e-04
2.612920702665098328e-04
4.312373258110204746e-04
3.013997321180676052e-04
3.727649278648676595e-04
4.639190273761197914e-04
1.691693862995426124e-04
3.732429617189436059e-04
2.998723700754654079e-04
1.709079344998672546e-04
4.644556043330414115e-04
1.702659138073560753e-04
4.655091426067347617e-04
3.743054213246847913e-04
3.913236291790316902e-04
4.647179064063873002e-04
1.708550763458081508e-04
3.915608510531354064e-04
3.725519980400123876e-04
2.613092053898897083e-04
5.005760557560673786e-04
5.009062891416593642e-04
9.571557800222440680e-04
5.009012597681946873e-04
2.612953703068948328e-04
9.784189305824067019e-04
4.402620621165522657e-04
