9.746389540094120519e-04
5.142072279745378257e-04
4.247264633057263564e-04
2.653058324205072207e-04
4.285778766331495076e-04
9.718691645775160998e-04
2.642123093480775332e-04
4.249289051102791330e-04
3.069303929402592327e-04
3.673844589751985097e-04
4.666419584865986363e-04
1.659625804495607523e-04
3.664359558720666366e-04
3.062662867129377592e-04
1.661203339476333151e-04
4.682236698272333720e-04
1.664507719372007187e-04
4.623918953373672191e-04
3.668584147789913353e-04
3.913268472051430083e-04
4.615658713667668170e-04
1.668230919298510726e-04
3.917312580701129486e-04
3.659640430470462689e-04
2.639202240153618777e-04
4.907911176932591886e-04
5.039360010497841418e-04
9.690009815743303064e-04
4.903908052330305896e-04
2.636275705506268196e-04
9.741673440432445895e-04
4.421698405851492444e-04
