9.794102391373703254e-02
5.170373521433874187e-02
4.269762279086072865e-02
2.649240415088994355e-02
4.298469202614280116e-02
9.826884671474457600e-02
2.643622744513498407e-02
4.266993123828952822e-02
3.037198018570854904e-02
3.692714585315388237e-02
4.699912791652886140e-02
1.678191253865771171e-02
3.695442033054933267e-02
3.031124227700588217e-02
1.681975691234510045e-02
4.685043812120215367e-02
1.686131849552123529e-02
4.613645525266740766e-02
3.693840602443177606e-02
3.909584587966472707e-02
4.606442341210923580e-02
1.682540347308066411e-02
3.907803862677476647e-02
3.688070358981705016e-02
2.652239659621368623e-02
4.945512988216520939e-02
5.040263177825041879e-02
9.750064481512733805e-02
4.936104952822045061e-02
2.640746105196869684e-02
9.777779766690586349e-02
4.440629742764998916e-02
