9.630105071863419297e-02
5.133802042996452736e-02
4.181834876861232481e-02
2.621402426795624643e-02
4.347562085422487094e-02
9.677856428680108036e-02
2.625810897512959041e-02
4.173981327657365348e-02
2.951383109081945691e-02
3.737219178642556261e-02
4.743529859655316178e-02
1.706425502793514765e-02
3.731282513617648067e-02
2.948497513456180275e-02
1.713709018508934728e-02
4.727098810911633392e-02
1.709899632672136002e-02
4.709062438326976768e-02
3.726266839124259267e-02
4.025900566476051101e-02
4.706106913875336695e-02
1.722231265219626578e-02
4.010467714577681947e-02
3.727401800091167255e-02
2.609265222538235604e-02
4.960184674536671084e-02
5.068236629559601247e-02
9.657932124533367968e-02
4.956714456405467845e-02
2.611113407069509673e-02
9.626819578725948068e-02
4.416132550738892382e-02
