9.668902813940448426e-02
5.221507883491214447e-02
4.257304124064304612e-02
2.665647640856916301e-02
4.363203345828722823e-02
9.539293324098618854e-02
2.667116422187927605e-02
4.243663258908847435e-02
3.008289055786560195e-02
3.767282182119396222e-02
4.667803365911061403e-02
1.693908097681817368e-02
3.767483400244424352e-02
3.007115741324604269e-02
1.704468136149588087e-02
4.658349965259913489e-02
1.699474245760356286e-02
4.663905409596917628e-02
3.762101037420741145e-02
3.887908320451086142e-02
4.652322509516886029e-02
1.682555341535658944e-02
3.883575303399453699e-02
3.761110762735626889e-02
2.665277954977467167e-02
4.898704506216047805e-02
5.110531222989026651e-02
9.596489677794707573e-02
4.902891830066190282e-02
2.653328265688300117e-02
9.596176596868000175e-02
4.494584260800837255e-02
