9.686389234038120244e-02
5.224602397679144888e-02
4.239158865883053268e-02
2.620810120645304317e-02
4.341235000489066659e-02
9.687733597361941618e-02
2.619343257626361235e-02
4.229326160194721296e-02
2.963027500725473606e-02
3.773788157470064908e-02
4.658776876414135598e-02
1.708321693735670097e-02
3.771686859546698189e-02
2.955200527972107888e-02
1.719645235897154442e-02
4.645861965921119219e-02
1.722429115869534427e-02
4.723826887505289812e-02
3.769645467311909942e-02
3.948335293956151820e-02
4.712903907011032484e-02
1.722447936072384403e-02
3.946138200296353538e-02
3.764580212930903474e-02
2.612245767385156653e-02
4.939867188290943817e-02
5.113072560119068938e-02
9.694140760850737670e-02
4.937279188534271501e-02
2.616281003425426771e-02
9.699138539862846298e-02
4.468535978289460420e-02
