-1.604952265769322929e-04
3.964748044838825179e-04
-2.223562375579719614e-04
-5.628667977091252918e-04
-2.795513555562388641e-04
-1.128514735361731310e-03
-5.595401240093783677e-04
-1.727987611457979140e-04
1.203967721499972825e-05
-2.696803110317187247e-04
-2.680885255687931153e-04
9.470732564710957618e-03
-2.991265272472025307e-04
7.325421306246910301e-05
1.028475913981037604e-02
2.359807044204733956e-04
-9.869963896782756388e-03
-6.535268197616622015e-05
-2.995193491567345475e-04
-2.425292740641722303e-05
4.847455666028358657e-05
-9.838457082308243659e-03
-4.824204381565669293e-05
-3.432074517515637242e-04
-4.413986798681642258e-04
-2.261936462071682547e-04
5.782935888041929035e-05
6.648588675362520880e-04
-2.199085879129168317e-04
-5.017877751063266282e-04
5.667949078384209964e-04
7.485004144199134855e-05
