9.686866471384453312e-04
5.100235467354971184e-04
4.196765726151496984e-04
2.638724160074403121e-04
4.263134049002047232e-04
9.719936281841881414e-04
2.624944918726256895e-04
4.195182975329307651e-04
2.975816096776689144e-04
3.745745767007326553e-04
4.668297597936652520e-04
1.729334877017366134e-04
3.740860342008519310e-04
2.973433732232649992e-04
1.697471645975223112e-04
4.664540029026011635e-04
1.711674512732333910e-04
4.642807322478936880e-04
3.742430084951475799e-04
3.999236153710619950e-04
4.627440573210408309e-04
1.725014244218013679e-04
4.002533151307473887e-04
3.734190561331337827e-04
2.626050114254599270e-04
5.035550256737620928e-04
5.025290773005520670e-04
9.735016920583422625e-04
5.030418332333082753e-04
2.629096689362564574e-04
9.654859093753024668e-04
4.345853468362582007e-04
