9.807482972189114113e-04
5.217472060590690359e-04
4.118555510952495464e-04
2.823846400721831884e-04
4.251187337339999814e-04
9.671943526631199490e-04
2.818865041558650769e-04
4.111930926253187834e-04
3.287923047041717848e-04
3.595248815676568821e-04
4.618036706403082030e-04
1.579276766018940670e-04
3.585773163279916929e-04
3.284423581683571392e-04
1.614093589157317968e-04
4.624336541371915120e-04
1.619276950958431038e-04
4.625718474642003235e-04
3.588957214618590302e-04
4.026475214154419196e-04
4.627625195775870895e-04
1.587475764372785420e-04
4.022066946000166687e-04
3.586197336060728785e-04
2.809927777384546750e-04
4.793452529696599755e-04
5.065088055242981122e-04
9.750352261641529079e-04
4.793426408450883729e-04
2.809684834567197911e-04
9.780485942840527660e-04
4.419462245145645190e-04
