-3.963564873530619299e-04
5.333475666058700663e-04
9.989850646749321350e-05
2.281549766529775375e-04
-2.524944383305700543e-05
-7.745287118485029085e-04
2.467113631486050895e-04
8.646600187343822150e-05
-2.087510901702472666e-04
3.198369479142506655e-04
-7.784716232951049899e-05
9.510838537968082165e-03
3.796220708409213233e-04
-2.127884468715646508e-04
1.015134251625016311e-02
-6.681981107336829330e-06
-9.751422847350107656e-03
-2.286169261759560863e-04
3.702124725237972971e-04
-8.886666997646728346e-04
1.082284872521984629e-04
-9.964065280398073932e-03
-8.918615705906441553e-04
3.069860581384536644e-04
2.901346469414465916e-04
-9.171172205184177162e-04
9.435023994821310300e-05
2.407240346239376903e-04
-9.131461427378400903e-04
2.916414409833375555e-04
9.178481470459269468e-04
4.349984890327772435e-04
