9.704454289563922264e-04
5.103740892057083206e-04
4.192816825081242078e-04
2.657022782270361755e-04
4.328807586881500808e-04
9.633347887901985663e-04
2.655191865475348286e-04
4.192422517420115770e-04
2.942561273096218387e-04
3.703972545961984643e-04
4.734384945832822772e-04
1.704607118696777794e-04
3.704175693547827222e-04
2.931459715732394225e-04
1.728697718565580803e-04
4.714072933050425475e-04
1.708655848157068183e-04
4.711567616646201279e-04
3.702942055442842457e-04
4.003376673684529391e-04
4.685924461543824159e-04
1.714063453899242672e-04
3.997466383323123327e-04
3.697975537028759725e-04
2.646121101856962945e-04
4.996330675229421854e-04
5.046748559794325033e-04
9.603559768774112956e-04
4.993546662324221258e-04
2.644468061057827059e-04
9.636185176246901424e-04
4.388512887620958083e-04
