9.644215787059294510e-04
5.253451667775557200e-04
4.157648965649032098e-04
2.795736720763371567e-04
4.282326021390369438e-04
9.705132120663601284e-04
2.796136754696870274e-04
4.154388771136170505e-04
3.299021834875141639e-04
3.530639708227359267e-04
4.599054234529219060e-04
1.584772484298394924e-04
3.538423174938956401e-04
3.298142757989225965e-04
1.561398025190737545e-04
4.596599011887774768e-04
1.596004127821857416e-04
4.610968293955836029e-04
3.529559383442240563e-04
4.070690582820179126e-04
4.615504775204080055e-04
1.585567863075009268e-04
4.068610433210312306e-04
3.527857508420703127e-04
2.785049268634688440e-04
4.782330767076427335e-04
5.116779557943813448e-04
9.695198098490190753e-04
4.770877010200416657e-04
2.784270811653488924e-04
9.733936956193487127e-04
4.439821040488359455e-04
