-5.731309353827956704e-04
-2.450379400790145571e-04
-7.053470702354775303e-05
5.492858453075725794e-04
-7.098509598861899982e-04
-2.152799195090406828e-04
6.197182383295856724e-04
-7.206026700613738553e-05
2.014978716788920433e-04
5.147338242596551788e-04
-5.936607895053136149e-05
9.507328183958264206e-03
5.194999434744919809e-04
1.889045867416582901e-04
1.017082634200362941e-02
2.544328786285688466e-04
-9.765340454472489981e-03
-5.274107534565594798e-04
5.458383976081090765e-04
1.884969945499262662e-04
6.635237502092130668e-04
-9.945548874231272679e-03
1.504434086624123370e-04
5.492473945866783221e-04
6.375429305379966488e-04
-1.067691238615657493e-05
-6.596734729291747149e-04
6.053511561302051848e-04
-4.625961373491526411e-05
6.409677551934935599e-04
1.458272653932270191e-04
-1.925688446198037609e-04
