9.621284929741368008e-02
5.142469756687785554e-02
4.214695410504438328e-02
2.643422650140230326e-02
4.303261759810925874e-02
9.634465801868040413e-02
2.629064951084907412e-02
4.210216242326052238e-02
2.941381027383785374e-02
3.702992490268457171e-02
4.684395484120702779e-02
1.695769738280962849e-02
3.718334966219635773e-02
2.938532193055921199e-02
1.688749699896655021e-02
4.673989365717967637e-02
1.721385821335220598e-02
4.666041121343979248e-02
3.702291788975829723e-02
3.981235806020039930e-02
4.655614320161018810e-02
1.692315900695035014e-02
3.979848760716897527e-02
3.710129701692816556e-02
2.625193381688266728e-02
4.906359673670596111e-02
5.075345684611861502e-02
9.588170616987458372e-02
4.882708272510017516e-02
2.616388460821706882e-02
9.670284099040452053e-02
4.393282711772033416e-02
