1.699417623632630721e-04
-4.145484048316678519e-04
-1.591533476322432353e-04
-2.564352217144462887e-04
-7.725705648436785415e-04
6.246510742924280511e-04
-3.252370653363262777e-04
-1.805127005236851166e-04
-3.206043978057815835e-04
-3.592818340603098903e-04
5.393177740633110480e-04
9.779243271429597512e-03
-4.315695598637367251e-04
-3.169755494924095208e-04
9.705757343679732863e-03
-5.835025394033862807e-04
-9.426962518625519802e-03
4.928507561341603565e-04
-4.569769996636274811e-04
-3.223015800971902167e-04
-4.804643867320973006e-04
-1.014154904540948143e-02
-3.782217739252284648e-04
-4.483640576897700400e-04
-2.977891630695410699e-04
-3.586393120120988354e-04
-9.442650793082888990e-04
-6.383185901304706637e-04
-4.264006712459410026e-04
-2.281641198538254789e-04
-9.212093951904934300e-05
-2.022015258599346417e-04
