1.066016199542122985e-03
2.942847644588103984e-04
1.791265923886776004e-04
-7.435269583338710770e-06
-4.225557901451011179e-04
-3.721474255486805220e-04
-1.267978991440586660e-05
2.028870968499299693e-04
2.893738397133450231e-04
1.494591585606181198e-04
-4.314908601934271527e-04
9.488372536814032587e-03
1.395283745839113977e-04
3.641852444217306278e-04
9.972758182827038201e-03
5.624928371308985037e-04
-9.764220479493559979e-03
-2.603414035065462978e-04
1.376710938259023329e-04
-2.584954870055902851e-04
4.255775552933416445e-04
-9.969394782736916427e-03
-2.731907447553352884e-04
1.811227306958601601e-04
1.200991979849631813e-05
-1.140866410686256253e-04
-2.446124288582946426e-04
2.766057737072325309e-04
-9.742840539242248789e-05
4.238125728109212140e-05
-9.158010780909954171e-04
3.342838034835835789e-05
