-1.132867133953468781e-04
4.434601292832874171e-05
-5.732716477926468697e-04
1.261445741123073266e-04
-2.396281402428425704e-04
-8.643332112777161406e-04
1.727109323820092649e-04
-5.261541874713047875e-04
1.022962386143421229e-04
-3.025768990174156178e-04
3.050023989725393235e-04
9.693401551759014273e-03
-2.413144401466810521e-04
1.283617532588182349e-04
1.008592274824575072e-02
-2.063102715108570322e-04
-9.467043251866846462e-03
-4.040972315545004177e-04
-4.264209297405484387e-04
4.759292472134244714e-04
4.482854973043787564e-04
-9.997299315557175298e-03
4.371356762753521872e-04
-3.598128240003259696e-04
2.328022211437487377e-04
-2.285529805631839300e-04
-2.755867489931991413e-04
1.001029608991997524e-03
-2.551919101352820166e-04
2.016976428177495815e-04
-2.444761653164465419e-05
1.564592634334580046e-04
