-6.713997369430707357e-04
-7.912871567794548715e-04
4.259460331747545736e-04
1.438806388956152978e-04
-6.784476601521224112e-04
7.332448013579420014e-04
6.028296472092124092e-05
4.012311362588868720e-04
1.728449770201092260e-04
-7.929318667651548771e-05
3.838570511954614794e-04
9.845529012019117038e-03
2.264550590344464167e-06
1.645547606895870552e-04
9.786401766215088033e-03
-4.004359827544902916e-04
-9.312979423200097237e-03
4.326479843908751085e-04
-1.417988680806097279e-04
-5.527199027077008849e-05
-4.498854066416367245e-04
-1.038977031101003326e-02
-8.852066582047473601e-05
-1.104298081399635273e-04
2.575320787315911659e-04
-1.695527128144897313e-04
-1.079184582972518743e-03
-1.082213967082141365e-04
-2.664066146093048123e-04
2.401274851325930061e-04
5.721955518881907389e-05
-2.889238788588770158e-04
