1.105973109116411575e-04
7.334894518297177752e-04
4.275897170391813147e-04
-1.789819860501007962e-04
4.827558627719471694e-04
-1.501321673705408803e-04
-1.832564165794142426e-04
3.707737714543327297e-04
1.676940030604940485e-05
-2.729406910035358570e-04
-1.571575899101954532e-04
9.613161846367781690e-03
-3.447547567344836825e-04
-7.844306242717182453e-05
1.011496922558276571e-02
-2.494784425295455726e-05
-9.673444188439848587e-03
9.477408783193323879e-04
-2.927192794038203255e-04
-2.801701773912123922e-04
-1.089054021937941154e-03
-1.013843461956175605e-02
-2.316470933939641116e-04
-3.154725490300682258e-04
-1.486756950256892318e-04
2.720270494665029317e-04
4.494382852143477200e-04
-8.150881185285225542e-04
2.508095034956936008e-04
-1.309287148039126926e-04
8.139463938139978672e-04
7.452922991984353880e-04
