-2.228742699977795535e-05
-7.150021090316446978e-05
1.590807136563835832e-04
-5.039462141752408184e-04
-3.668353050441294219e-04
-5.403335474561435066e-04
-4.669151805608954837e-04
2.251486137545528974e-04
-1.456052993514885159e-04
-4.340550822155399085e-04
-3.371107643336417915e-04
9.954224142905671036e-03
-4.901679222861604320e-04
-1.177296465332133162e-04
9.838617442622595716e-03
2.459194407309073780e-04
-9.382159850384288319e-03
7.605432091338592637e-05
-4.154106225484459087e-04
4.753854091161753749e-05
-1.785005816867963886e-04
-1.029856466568341254e-02
-5.245808179194580694e-05
-4.276533780902730723e-04
-4.246657295682558118e-04
-1.510911851086561803e-05
-5.636553828170441606e-04
5.688746410198222128e-04
-1.250597043663898567e-05
-4.564636661262827652e-04
8.976912663808516433e-05
1.787005141642004533e-04
