9.660373091377781954e-04
5.105136068355478314e-04
4.276726702871957368e-04
2.608372976386794193e-04
4.269944792040172182e-04
9.786336800627528764e-04
2.608972575063304468e-04
4.271312593247438894e-04
3.023648575336689731e-04
3.754160171054432538e-04
4.595763105276431016e-04
1.703083685864136248e-04
3.751235219481333072e-04
3.017231048918156628e-04
1.693778492440180326e-04
4.578699120696528928e-04
1.684611213222483481e-04
4.640648364044469305e-04
3.754826859100811277e-04
3.921074658927867977e-04
4.622838314401724806e-04
1.711497191750987296e-04
3.911133030705559095e-04
3.751605428428034022e-04
2.605693538328881110e-04
4.976126259801525115e-04
4.995098310685813347e-04
9.747637434037626121e-04
4.972810501270459854e-04
2.596664733520751239e-04
9.699183417254294811e-04
4.394408150629988447e-04
