9.743758744220785972e-02
5.135533503612086520e-02
4.287066177143317863e-02
2.628876140683669357e-02
4.305579496165534703e-02
9.779051840815590479e-02
2.622346462248188043e-02
4.280250010541702260e-02
2.992593362209586619e-02
3.759813925933468137e-02
4.639000954971768398e-02
1.704035592008864078e-02
3.760975621156208842e-02
2.977435854769241996e-02
1.685746555340157660e-02
4.638474530592483214e-02
1.691810943623670363e-02
4.652414973270682652e-02
3.753766206188080545e-02
3.882459491215928954e-02
4.640751504390030341e-02
1.716451554782521052e-02
3.880842845830028559e-02
3.756097421755100196e-02
2.611316919456067517e-02
4.974995836906895980e-02
5.044692499029410082e-02
9.809979077026874383e-02
4.973041043389755250e-02
2.613536799948835976e-02
9.693845636593066695e-02
4.412626407256490385e-02
