9.800225364215667256e-02
5.219071698840114376e-02
4.286753733839279018e-02
2.610497749092334160e-02
4.407917833917868178e-02
9.772643859787848164e-02
2.600170954458298073e-02
4.286699443039709845e-02
3.038099452570486650e-02
3.783811171621281888e-02
4.644050517006564904e-02
1.695750967535577733e-02
3.784018656563926247e-02
3.034135193183392504e-02
1.676283643829223555e-02
4.630380099272686512e-02
1.675568207766678364e-02
4.691215120547759243e-02
3.777018886228240835e-02
3.978501644036341184e-02
4.681697730981572436e-02
1.695474240667455695e-02
3.975372669609442827e-02
3.777671616484074013e-02
2.595185929206724612e-02
4.889003128314755448e-02
5.109910602671053487e-02
9.783027147101669430e-02
4.884015677339383771e-02
2.597721744700084642e-02
9.793276283531601734e-02
4.540603060766586208e-02
