7.587957016628493929e-04
5.463199643170548901e-04
3.966555773306720280e-04
2.596312000190842168e-04
4.518594389152967247e-04
7.835120410580052918e-04
2.625045304721775161e-04
3.963996830953914197e-04
2.487257499820493792e-04
3.940012154613577915e-04
5.202035417397484450e-04
1.716870325176094933e-04
3.934529074592822782e-04
2.431690261349251725e-04
1.864604711541426648e-04
5.308777334896634496e-04
2.166377370584742510e-04
6.096065808218745956e-04
3.911919512666861250e-04
3.583564878275543350e-04
5.928549311168480928e-04
1.611058071047975293e-04
3.609609046363270704e-04
3.912798040497142524e-04
2.682851586251040971e-04
4.542424182618358028e-04
5.733929302494881596e-04
8.740419577193194204e-04
4.552895814427924026e-04
2.660193333630521038e-04
8.461631993482852032e-04
4.569777927421460827e-04
