-9.376163956220192513e-04
-6.075856195452541877e-04
-2.653305333310388195e-04
-9.402533226528702942e-05
-7.976028588413124239e-04
-2.069884626664652595e-03
-1.157688582962626691e-04
-1.939187157973001582e-04
-6.659010803019461023e-05
3.108355259141822404e-04
-4.388012464441884636e-04
9.988013156445638141e-03
2.961023484423010188e-04
-4.760852190889503709e-05
9.684444451603853657e-03
3.072631173238319670e-04
-9.482323232991576520e-03
-6.196813749997948529e-04
2.257335073848797048e-04
2.558004413174328850e-04
4.489538731556187538e-04
-1.052853909693555329e-02
2.749087800393048273e-04
2.535950312527393970e-04
-6.198967272155347680e-05
-2.489136606410490482e-04
-9.691706083421070417e-04
2.057634074232880719e-03
-2.712489414005179534e-04
-3.402035082032401329e-05
9.574932432649693823e-04
-4.052920368830282834e-04
