9.627881880672821413e-02
5.080386980106714467e-02
4.268082343627581376e-02
2.655713654062560880e-02
4.303617435291140492e-02
9.641525243989503002e-02
2.654198425236874506e-02
4.255514342172467268e-02
2.988166638508224851e-02
3.757642180366317641e-02
4.727696727309138591e-02
1.708998943643563057e-02
3.761219458622979545e-02
2.982750648077461125e-02
1.701526339950883843e-02
4.723760921519584016e-02
1.692697923444120081e-02
4.698681815531381006e-02
3.761815398856986625e-02
3.969016199158417052e-02
4.676720970363482111e-02
1.715695350851414308e-02
3.958731756421764864e-02
3.758575278433387568e-02
2.647769623128124958e-02
4.970045247364687085e-02
5.013710840914915867e-02
9.731043317148783955e-02
4.969713852667808490e-02
2.644522811953292293e-02
9.572581192933364569e-02
4.391882312269464184e-02
