9.819810841276083516e-04
5.212456990032618897e-04
4.141160006271238586e-04
2.770142383821461770e-04
4.273694175489312834e-04
9.767562149952404259e-04
2.770903580070628158e-04
4.129420159252366251e-04
3.251828272501107301e-04
3.554657699067839552e-04
4.666446330971124406e-04
1.606925475049711958e-04
3.553288817412095842e-04
3.252330856493705386e-04
1.594361267942233102e-04
4.672374719803584547e-04
1.613351057927796739e-04
4.653267973942215715e-04
3.551393255355638130e-04
4.027934490084605435e-04
4.659476246671947369e-04
1.603894079139067935e-04
4.022081988088628546e-04
3.549660437972696468e-04
2.763888500208983110e-04
4.759567957463234160e-04
5.044499330201233141e-04
9.770959723190491501e-04
4.757716824483274997e-04
2.754682365496373127e-04
9.776662181049603894e-04
4.457756618692354511e-04
