-5.641725760200846224e-05
9.282624378241988898e-04
2.596510661294421573e-04
-2.571559124415037688e-04
1.790068452143816385e-04
4.906719313854190174e-04
-3.009883003596162737e-04
2.621992844019922059e-04
-1.322540710576223593e-05
1.705099835832345570e-04
-4.070851340069130521e-04
9.286626352322751785e-03
2.468468770685077742e-04
-6.945069558585878998e-05
1.009068581108014950e-02
2.925555383907585774e-04
-9.889568217380620072e-03
-9.905471776995658246e-04
1.734519524672419077e-04
-2.388643460366431689e-04
8.894606222787874300e-04
-9.898385627251378438e-03
-2.393716246544404735e-04
1.519866850596067573e-04
-2.654684520269609332e-04
4.489880576770440674e-04
3.658288347330503759e-04
5.353485232498315363e-04
4.663658796450353581e-04
-2.126061300688995837e-04
-8.880894478913726455e-04
6.602796043886175479e-04
