9.767205847189643683e-04
5.128747932677985314e-04
4.157239172277340904e-04
2.680451632023819601e-04
4.291023532539720801e-04
9.754634430121938591e-04
2.672321672659384102e-04
4.147305447069371434e-04
2.899784716992672459e-04
3.729329635339357707e-04
4.709304420058254333e-04
1.719581292129574682e-04
3.722595401329446656e-04
2.897956710280692912e-04
1.701552750338919146e-04
4.698875748826319455e-04
1.728631762683958907e-04
4.640200207454458809e-04
3.715837271163103953e-04
3.985449518025203420e-04
4.643061711218388087e-04
1.727586321542189877e-04
3.976316959232012969e-04
3.716431172164894503e-04
2.656887008041904845e-04
5.005948714463708329e-04
5.055949923575430880e-04
9.860924043611793508e-04
4.996158927638883352e-04
2.648230622074386584e-04
9.621007926436496308e-04
4.369133234460268345e-04
