1.227718069220469456e-03
-1.049152501100193593e-04
-5.438001547033234932e-04
1.646196749402014292e-04
-3.194556919678445792e-04
3.237310586980417693e-04
1.891819849385315759e-04
-5.744054051065322500e-04
3.854105646523546427e-04
6.443784168813636607e-04
-5.290985331505672958e-04
9.745242577845427204e-03
6.222045206113297703e-04
3.521791694639245999e-04
9.734387994960218976e-03
4.774224128543207418e-04
-9.361401599983016492e-03
-4.550906275702489771e-04
5.811034074344989227e-04
8.279480562652036593e-04
3.758078111079524793e-04
-1.020207408313260865e-02
7.955687216218914433e-04
5.908599720851873040e-04
2.107831577820785853e-04
-6.616877020756964031e-04
-4.047156648239194849e-04
-2.551222270082250851e-04
-5.452462937551931206e-04
1.980388556149644485e-04
-1.271514944274923942e-03
-3.658852909996646059e-06
