9.563529934346626238e-02
5.160912790543404488e-02
4.315239825925152456e-02
2.632412091670234197e-02
4.328881697076490676e-02
9.622136140591217024e-02
2.636449042933027009e-02
4.310076866976796095e-02
2.966268041183472981e-02
3.765198200273825457e-02
4.672956048551166197e-02
1.706179682261313099e-02
3.760446642059034339e-02
2.963950338014176289e-02
1.706989524766323527e-02
4.679935213164025665e-02
1.686102968989492898e-02
4.661493435673816355e-02
3.755704314366305890e-02
3.964640857282881320e-02
4.659197590776604364e-02
1.708115126034221581e-02
3.960497053062017603e-02
3.750926296564941614e-02
2.630249576690102745e-02
5.010057256331476583e-02
5.076182748210423396e-02
9.595845121955635937e-02
5.007211206065168008e-02
2.615911554242283943e-02
9.603018140328842267e-02
4.423791131454885006e-02
