-1.199081844579071021e-03
-2.350685734801197084e-04
4.339403139842716974e-04
-3.503551478097015603e-05
-6.953958181397223298e-04
-2.178050829661570299e-03
-3.013042944665351880e-05
4.733321726541562992e-04
-4.514155718226741049e-04
2.184432044603545127e-04
-4.825708927162392249e-05
9.781737736503591171e-03
1.457695455127870892e-04
-4.225739207911334257e-04
1.008805641624374583e-02
1.024894500708569404e-05
-9.740358889328526795e-03
-3.021086672133549205e-04
7.836409893283423920e-05
-3.805755560550484902e-04
2.120084016328313700e-04
-1.025884918631004249e-02
-4.455009766432657583e-04
7.394982937508035210e-05
4.396336809667689052e-05
8.670329371676172752e-04
-7.995477136510301510e-04
1.971628798249784424e-03
7.984730895853356337e-04
2.734137161400661048e-05
1.330455540893725778e-03
-5.685242106765200188e-05
