9.719373175096812818e-04
5.193889623984265444e-04
4.307493233565026173e-04
2.631013314838082442e-04
4.300883503979010896e-04
9.659473790466380303e-04
2.630123176521443566e-04
4.307929954261555572e-04
3.097164622547837949e-04
3.731473523881402034e-04
4.649454117555981247e-04
1.647692609841730146e-04
3.725351793029393140e-04
3.094141584752624157e-04
1.671142367718516633e-04
4.651779067220312741e-04
1.679892816466947974e-04
4.588606694354237692e-04
3.727206580589166531e-04
3.954827465874422108e-04
4.576116091451270466e-04
1.657758354786150606e-04
3.949073520752658653e-04
3.722159971687977967e-04
2.621733435267018615e-04
4.954910148698906140e-04
5.058803399506567105e-04
9.708172583115903375e-04
4.954976688638153704e-04
2.618217581230483063e-04
9.679216916140325963e-04
4.450446157859702461e-04
