9.653069132566471488e-04
5.120354426036993365e-04
4.213835003890071943e-04
2.629839661479354174e-04
4.312020848653639726e-04
9.658842383246631427e-04
2.623499187339311547e-04
4.213780458888474940e-04
2.948423024670469264e-04
3.795079218744355234e-04
4.637357393014105138e-04
1.708687025686418724e-04
3.792008868172200829e-04
2.934062188713186005e-04
1.713275539292634690e-04
4.629055088049125366e-04
1.707813916043391289e-04
4.674929096300936495e-04
3.794564401393939190e-04
3.953920140964631443e-04
4.668520472194086354e-04
1.710955849882896216e-04
3.951843738862111923e-04
3.780522359921124399e-04
2.618855845374546310e-04
4.999691946660848570e-04
5.037774915175570814e-04
9.697108365014476834e-04
4.997849523594587347e-04
2.626160897150311068e-04
9.653252044754132228e-04
4.415740711093309049e-04
