-8.925408713818919247e-04
-5.115263122396627223e-04
-7.833621845166045090e-05
5.677963739439113275e-05
-6.011701329750293631e-04
-1.352475246275315905e-04
8.730167920677179508e-05
-6.571408964911589097e-05
-1.188645012690115073e-04
6.633780451976611014e-04
3.376316696359709345e-04
9.854175775342099292e-03
5.888159948658522628e-04
-4.702224760929084356e-05
9.822968747721665464e-03
-3.173004505347063451e-04
-9.452481796928677987e-03
-1.489602439839735244e-04
5.369451369318447046e-04
3.253561521949083213e-04
1.623743341857536557e-04
-1.022192619184793608e-02
2.607947267921756612e-04
6.064908514500889306e-04
3.530740278097181661e-05
2.634692697513313061e-04
-9.180236537734252781e-04
1.187682042412129598e-03
2.071179627273450445e-04
1.160502175125756205e-04
-2.528787680831380536e-04
-1.675062526240948390e-04
