9.688575552297318261e-02
5.093854600505955815e-02
4.274518178325822926e-02
2.632293763586330063e-02
4.263638929727353588e-02
9.695101804519404287e-02
2.627695624510088118e-02
4.269283957145000169e-02
3.028405422392835625e-02
3.816795218115650451e-02
4.630015285295182442e-02
1.690480128345972846e-02
3.809089450661153065e-02
3.025389550884208939e-02
1.679804834999240257e-02
4.611944567157812841e-02
1.705005842332020169e-02
4.657679992516370465e-02
3.805525957734986336e-02
3.981030092280483240e-02
4.654320530630412511e-02
1.684599459817694850e-02
3.968176048473921746e-02
3.799188895331917504e-02
2.621870318198801439e-02
4.921846738173529801e-02
4.967827243501268114e-02
9.697329768124675342e-02
4.921449419007357939e-02
2.620848949732975178e-02
9.727909971785834997e-02
4.398770263586074952e-02
