9.799771912575742927e-02
5.288413646154199732e-02
4.048586915153005311e-02
2.885364743421738043e-02
4.315447009038612947e-02
9.808636532557585275e-02
2.888831780952086370e-02
4.038038824994750337e-02
3.412536220634111717e-02
3.432073474889058701e-02
4.591386615795166326e-02
1.567514112343409288e-02
3.426114719009168419e-02
3.404689691539475316e-02
1.567144201009447804e-02
4.593467086438326324e-02
1.574216323401024867e-02
4.632712231011451576e-02
3.427089551816694252e-02
4.133262047913190129e-02
4.620368329303257277e-02
1.580493148164393083e-02
4.127510373862330190e-02
3.420923964260700473e-02
2.887174558064633731e-02
4.665232129919440890e-02
5.128048359200208101e-02
9.792405321537163421e-02
4.669716957372169880e-02
2.881064816240868839e-02
9.829143535196536996e-02
4.474221411523720410e-02
