9.688076202157262394e-04
5.120593958433041371e-04
4.312639959144550514e-04
2.655180367813989050e-04
4.289322709907984646e-04
9.704426829004029640e-04
2.643698815032675454e-04
4.309748948441485795e-04
3.120368302145426400e-04
3.702549767133586655e-04
4.648553658302845434e-04
1.628149066053405814e-04
3.689927385247225577e-04
3.120771302712621077e-04
1.637658778273182289e-04
4.645927283055215225e-04
1.649326741248315715e-04
4.654342110790324837e-04
3.680225529308473430e-04
3.917051721771090548e-04
4.637644282035985289e-04
1.627941377071743720e-04
3.912463593561805422e-04
3.680235472863048539e-04
2.631228280691307541e-04
4.988086663633310497e-04
5.004396461318336761e-04
9.614653262238510986e-04
4.991366517473330364e-04
2.621744713204978219e-04
9.706656985828245130e-04
4.426868658705928597e-04
