9.627897241713148473e-04
5.185598346479668771e-04
4.226946930518520615e-04
2.690921404062491997e-04
4.286601133154190925e-04
9.634418250213102686e-04
2.689500925336144564e-04
4.224601598589299034e-04
3.156949576493375321e-04
3.685112440308795112e-04
4.640869086355367676e-04
1.637907828602343230e-04
3.677865109357938284e-04
3.153583463524757373e-04
1.625429524353090094e-04
4.640590621390142134e-04
1.628411754987606468e-04
4.662404699291294993e-04
3.677396545837346119e-04
3.940221956738555937e-04
4.657116017911913696e-04
1.634792171974327394e-04
3.933088313840168971e-04
3.676393259542352909e-04
2.679973436167167478e-04
4.861141210283828466e-04
5.037067023123295269e-04
9.632185659828639349e-04
4.853819145034371767e-04
2.676732780354073703e-04
9.640434283059272228e-04
4.450553961886631756e-04
