9.673728040126939676e-04
5.075424568067180356e-04
4.164674881284681019e-04
2.666870851827367762e-04
4.291192563556906858e-04
9.767071014346101129e-04
2.663189879809198745e-04
4.155821966748272011e-04
2.941890974644138573e-04
3.756011771009293374e-04
4.711831232263249416e-04
1.710950910497714694e-04
3.756825861231162544e-04
2.934426018833669720e-04
1.703431725057245134e-04
4.707525421446683597e-04
1.719601411017279040e-04
4.720749170437358233e-04
3.761322483475978539e-04
3.985412236052902945e-04
4.713815387322461427e-04
1.726802704656462241e-04
3.982716123414924625e-04
3.757829545320806705e-04
2.659668602559918968e-04
5.024158127082884503e-04
5.017751268121887738e-04
9.718799886428519750e-04
5.024354910071561270e-04
2.657085633598335259e-04
9.753557141582182548e-04
4.362443356446675698e-04
