9.704203261265528964e-04
5.055099810484587394e-04
4.268530009054301235e-04
2.608644575754279346e-04
4.282260930968298626e-04
9.563283874465870705e-04
2.604929750624013435e-04
4.261696813950879826e-04
2.964468361288813154e-04
3.752062240386167587e-04
4.660191813255040076e-04
1.667668074152510547e-04
3.747483985364131781e-04
2.961050980789886274e-04
1.667446980691652994e-04
4.638395082620805506e-04
1.688611488348644310e-04
4.667113288382136282e-04
3.749020067310990050e-04
3.938180862254333581e-04
4.647025620722960385e-04
1.675003900169292129e-04
3.932695331244467885e-04
3.745601092976106401e-04
2.599592298760794169e-04
5.011842908454487494e-04
4.963869419666320018e-04
9.630515951671203730e-04
5.010635849862122996e-04
2.595523840033329001e-04
9.627248552033147201e-04
4.387375662439913903e-04
