9.719664035811125371e-04
5.116051354302844374e-04
4.301552382700317878e-04
2.618747072278367256e-04
4.282654748665059197e-04
9.650161337005691347e-04
2.610052091225948637e-04
4.292393770369491214e-04
3.023941855443149844e-04
3.797717188407390967e-04
4.650840608347845784e-04
1.695184328613960178e-04
3.799323414332670019e-04
3.025003023228810110e-04
1.695989074100411748e-04
4.624902599228773552e-04
1.690250397584945673e-04
4.655666677761087632e-04
3.799471434106353089e-04
3.952818937646144408e-04
4.647972808160300180e-04
1.706420457166218235e-04
3.949253506466546878e-04
3.794692130129528255e-04
2.610042286215671090e-04
5.006018638673117097e-04
4.999574089235122231e-04
9.722861385958656271e-04
5.001104019040429312e-04
2.604888777219303646e-04
9.696460513424741152e-04
4.404734243308024112e-04
