1.497109704596513886e-04
6.709222748884479260e-05
6.104588746085086925e-05
4.147528786635026909e-05
5.604002003070543918e-05
1.482650683232500431e-04
4.055272824071548668e-05
6.024355679968074938e-05
4.103758858308605823e-05
5.847510181535015553e-05
5.876827408402431985e-05
2.013038354553243339e-05
5.805199210409590124e-05
4.104254132463740928e-05
1.771503531929697877e-05
5.992265496136700852e-05
1.791813529428890847e-05
6.223257182141226577e-05
5.967497923002838134e-05
5.179223789917879910e-05
5.973925201024668746e-05
2.110100962470942931e-05
5.095968178298916629e-05
5.863479755402262932e-05
4.043984605949131617e-05
6.344463630874770123e-05
6.488993516771265836e-05
1.535432651710328539e-04
6.372441152304701847e-05
4.203058394720262709e-05
1.596351504494295925e-04
5.710745728773223770e-05
