-2.316260225164332599e-03
3.675276039890585625e-04
-1.124298844854120178e-03
-9.661893023695472895e-06
2.562107725237391400e-04
3.876108956314142854e-04
5.507015021871779486e-05
-1.090121001281289196e-03
5.386825099233208706e-04
-3.213236979723497843e-05
8.150807986500275496e-04
9.695651536903089271e-03
-1.662636428831143687e-05
5.806616623624496131e-04
9.978026155591452132e-03
-9.359705948448947483e-04
-9.473439939076283914e-03
6.357531071687028091e-04
-1.442928943923607035e-04
6.022950847996263925e-04
-7.796657411351399364e-04
-9.995122981739747170e-03
6.246721793150525510e-04
-7.067811488589635887e-05
1.317027768759069010e-04
-3.430601428244202172e-04
-3.345996275216319468e-05
2.482482632252202247e-04
-2.955078467940255534e-04
1.219181969790749314e-04
1.681738226440067331e-03
6.562683238147351160e-04
