9.801228790115838752e-02
5.066012515664869431e-02
4.022833904957909268e-02
2.655797419338134027e-02
4.283339207430814088e-02
9.726159892820916697e-02
2.646210433327823852e-02
4.032461294773220101e-02
2.874645790401057430e-02
3.651487201268754229e-02
4.683671654872729323e-02
1.693455741176283502e-02
3.640986517594458488e-02
2.871294191055913728e-02
1.718648903078225099e-02
4.688043632445715314e-02
1.715355091450330646e-02
4.719316268208627319e-02
3.639829534862443899e-02
4.000866518774005842e-02
4.721387409877537272e-02
1.704117862596513100e-02
3.994007550224220465e-02
3.640222327910875438e-02
2.637477342491227963e-02
4.947416327284268750e-02
5.036764516392108065e-02
9.788911726550635073e-02
4.932782841161644644e-02
2.638272863537291860e-02
9.819598419761471630e-02
4.319152678307695142e-02
