9.759758741762823795e-04
5.229640234907633736e-04
3.989483436119417321e-04
2.893673189681236248e-04
4.232688054509426779e-04
9.845104341968692867e-04
2.879760702844073720e-04
3.987611706475590440e-04
3.442296057667861117e-04
3.461955650023763615e-04
4.519966917073580314e-04
1.565818311170093452e-04
3.455233339192774608e-04
3.435368751550648705e-04
1.564307031201023343e-04
4.494776453212180048e-04
1.572078558128349338e-04
4.554000138431212128e-04
3.458033444674470211e-04
4.209651511130693561e-04
4.542734948835427749e-04
1.554025322936301401e-04
4.202753930702851528e-04
3.461351230301050572e-04
2.877358038732067791e-04
4.618674738378952729e-04
5.088672472131797013e-04
9.823852850086055907e-04
4.607923010167323352e-04
2.885971592710424014e-04
9.781120361365852091e-04
4.392410277374853142e-04
