9.668783599546876273e-02
5.093664625794137174e-02
4.186322528152557759e-02
2.605430510900498195e-02
4.271153443886898521e-02
9.555533464459056714e-02
2.598498081654027764e-02
4.179487127215561482e-02
2.938650293539360123e-02
3.731500893502463084e-02
4.713623287268223216e-02
1.712914013388380091e-02
3.735190508175081914e-02
2.941040103766111649e-02
1.694651536408471257e-02
4.715160568168050986e-02
1.707529335985082108e-02
4.770412402915664984e-02
3.725285216944543287e-02
3.954915955760650997e-02
4.773783733209234492e-02
1.697277138383317813e-02
3.954711663016909073e-02
3.732330239965422902e-02
2.597481945314272442e-02
4.946828734519901488e-02
5.011703574128724414e-02
9.547085986145704972e-02
4.933244678416792012e-02
2.585494815278811462e-02
9.605712463023352576e-02
4.345750571618572922e-02
