9.691497114050598482e-04
5.104657073119775283e-04
4.110819093628894499e-04
2.645980278282597195e-04
4.263427737316247959e-04
9.712694055291061458e-04
2.646112602752328895e-04
4.106141001623229980e-04
2.884809526727950650e-04
3.642953846725453305e-04
4.764486724084688327e-04
1.714544040319907273e-04
3.649412136409445903e-04
2.879770907356788150e-04
1.706791234495455317e-04
4.760785682458187852e-04
1.719732163340851011e-04
4.697015940351424680e-04
3.653813779389741335e-04
4.021207944617675913e-04
4.692674691656780871e-04
1.718065895489961166e-04
4.012019578579198898e-04
3.644895644313239581e-04
2.646746662998088456e-04
4.906419974000125099e-04
5.056542074054735676e-04
9.630894864454981209e-04
4.893380508856074373e-04
2.641381767537816661e-04
9.729459309496045309e-04
4.319741672679969875e-04
