9.645666451126202589e-04
5.085937765743023687e-04
4.197110970524530089e-04
2.679369028344359325e-04
4.307522121269962106e-04
9.716437736409927473e-04
2.682476995143050907e-04
4.199817821709528332e-04
2.947138139929879178e-04
3.682286201044734247e-04
4.690511663839490504e-04
1.702525636763167185e-04
3.680673395263798554e-04
2.943019847881854739e-04
1.698671562452547495e-04
4.687514524835326287e-04
1.709167374269310031e-04
4.684897642999329604e-04
3.688905925708672938e-04
4.053435231985687368e-04
4.679538081309440097e-04
1.708832695774616551e-04
4.045906338549370442e-04
3.677930437595705051e-04
2.676627207619593392e-04
4.998747149334333961e-04
5.044410974704757050e-04
9.753920364792449194e-04
4.992141246140540962e-04
2.679827426793389769e-04
9.624036429749380705e-04
4.343981276201886788e-04
