1.728673056212385456e-03
1.239137986985825281e-03
-6.122722739528412830e-04
-1.482705137167967917e-04
1.714815382435227163e-04
-6.525080685207428934e-04
-1.650879576753066917e-04
-5.118911521319796437e-04
2.498216084066807812e-04
-6.974847010684072715e-05
-8.240767367797771376e-04
9.205640111968204850e-03
-1.448444391519775434e-04
2.945009344441555741e-04
1.060364437700921265e-02
6.612433180625345869e-04
-1.022553049387250543e-02
3.760092174698337645e-04
-1.686966891713936986e-04
7.578507285398188080e-06
-4.821620295661175758e-04
-9.595381466447732918e-03
7.005798027728637702e-06
-1.786071251245889460e-04
-1.311371282192749614e-04
-6.463096253282990923e-04
6.893363722874764829e-04
-1.521721746108758511e-03
-6.307555386349948841e-04
-8.570459973004449362e-05
3.656835774267149517e-04
8.336320487759098013e-04
