9.769569896045893209e-02
5.160386670519735708e-02
4.247675011760893710e-02
2.630299940115232368e-02
4.347537766859710384e-02
9.703440329801833741e-02
2.630045723838535590e-02
4.244116176015243214e-02
3.001332201979192010e-02
3.729759464112414324e-02
4.687405964635802530e-02
1.691587799604431577e-02
3.726104658244152462e-02
2.997147111524936861e-02
1.705563355123976971e-02
4.690684275154843874e-02
1.705062241952319188e-02
4.717067805104156741e-02
3.729599494506533747e-02
3.990271639936445597e-02
4.705277560549291083e-02
1.713055292147695752e-02
3.981684077405253652e-02
3.726968607448452597e-02
2.623458816407218258e-02
5.041424508813133198e-02
5.064364475693849954e-02
9.752738052669475410e-02
5.032243574217264148e-02
2.620570782999287127e-02
9.722925414007756173e-02
4.437386478097950226e-02
