9.699607674407266511e-02
5.172705966812362471e-02
4.277894914358706946e-02
2.596852146171321415e-02
4.308200623865045265e-02
9.691803094751041958e-02
2.596909598437342412e-02
4.274251873836484167e-02
3.073110461111041095e-02
3.754669179541215290e-02
4.694343509522434094e-02
1.681985994092465020e-02
3.751384206922680348e-02
3.074628858681986709e-02
1.679584091065318419e-02
4.683042223219861799e-02
1.688866825426475066e-02
4.679957592599987698e-02
3.755018312610758358e-02
3.913375135996114557e-02
4.668081433373850314e-02
1.702582121573349358e-02
3.910212689466335129e-02
3.749836570356586407e-02
2.599229382656469481e-02
4.931031932270692891e-02
5.037143495568069396e-02
9.704831479616500556e-02
4.926837120415469146e-02
2.587916807994555465e-02
9.664356377123485553e-02
4.454163789924407701e-02
