9.730028300045975419e-04
5.132476986833902103e-04
4.252221687579998727e-04
2.601372911056414571e-04
4.290993744104892719e-04
9.732947797858258450e-04
2.592750170739176381e-04
4.249749361261811304e-04
2.977968860421886950e-04
3.785636413750831440e-04
4.691512672708460338e-04
1.702762812901327820e-04
3.778900285961020239e-04
2.972385590200862598e-04
1.701050223454164364e-04
4.682324750480478404e-04
1.708385401079328856e-04
4.648983322958597127e-04
3.773046166462929113e-04
3.935852779063905068e-04
4.645668339866550417e-04
1.701197981982906010e-04
3.928274318749317567e-04
3.772256698021805919e-04
2.591156385263395788e-04
4.981328480690710037e-04
5.037637163613295846e-04
9.700470245952654176e-04
4.981712630031602095e-04
2.595528838189252972e-04
9.682040906096573253e-04
4.395941181918571459e-04
