9.710708501945991555e-02
5.133447286894406159e-02
4.239809949475810413e-02
2.638901257613793586e-02
4.286856503816654368e-02
9.604693484381510160e-02
2.631248557442991687e-02
4.234905068647166343e-02
3.037393914195177930e-02
3.740233624085733538e-02
4.561788411081627026e-02
1.642389895762028096e-02
3.727646491223578912e-02
3.028446843143867487e-02
1.663552072160689316e-02
4.566442633084678154e-02
1.665157046711767883e-02
4.633369933183820177e-02
3.724422198543614337e-02
3.859586274626530117e-02
4.627072530306930442e-02
1.656520274053755251e-02
3.857373893176811730e-02
3.720025755955218977e-02
2.626131748675405303e-02
4.928258219060834000e-02
5.013678288996809701e-02
9.661133602363759787e-02
4.931560293971638115e-02
2.620249869345538454e-02
9.659831399589664802e-02
4.436347451630274358e-02
