-5.958004523979320308e-05
9.842552744017830151e-06
4.883479962587765170e-04
4.763141386732546627e-04
-3.325909258375637991e-04
1.908775994584366884e-04
4.490572218200714733e-04
5.013652599078458234e-04
-5.210507041942304953e-04
-3.714018168565541897e-05
-1.562784211301314287e-04
9.708558973403128012e-03
3.166786487536268620e-05
-5.298704224013552067e-04
9.912707512378566427e-03
2.759797758199316622e-04
-9.481356271578835621e-03
3.347913697033647919e-04
-1.525588279688797151e-05
-8.283926054278941851e-04
-2.958921597678442102e-04
-1.008795808016373086e-02
-8.298156172542798300e-04
8.835497222414917845e-07
4.218097293403133357e-04
6.695440381981819207e-04
-5.121757503506846028e-04
-5.953645893469893154e-04
6.999163592956092949e-04
4.599565846662619908e-04
4.365560785098664674e-04
2.773272284531060517e-04
