9.627167565801511562e-02
5.108492097018627748e-02
4.189781607347075471e-02
2.621975873314487393e-02
4.325884198807160297e-02
9.741485248963914489e-02
2.621978567577910521e-02
4.177790276754707322e-02
2.969596673474645190e-02
3.735845404573226447e-02
4.719370850527567635e-02
1.702729444067484568e-02
3.732352131807049195e-02
2.963283514553327960e-02
1.706442623483574519e-02
4.698472316610598914e-02
1.715552539974657745e-02
4.719933117533492428e-02
3.743859003677929564e-02
4.044528698098957126e-02
4.709439563241498566e-02
1.720464956778477647e-02
4.037052434040210719e-02
3.737711499409916011e-02
2.628433363008558094e-02
4.998721944402306078e-02
5.037785384148385504e-02
9.678124320509823297e-02
4.996484661040877240e-02
2.628889121685584404e-02
9.687165463855333669e-02
4.381792091326484201e-02
