9.835948389626423746e-04
5.131266590013035386e-04
4.305865077492637498e-04
2.607223134007763204e-04
4.322889944786454481e-04
9.733323760403143768e-04
2.604493247836984701e-04
4.304637587397241137e-04
3.006092161845755253e-04
3.727588364456216937e-04
4.672352606595694307e-04
1.682794574126513410e-04
3.728045861074010198e-04
2.998893886012406109e-04
1.699626877894192054e-04
4.662892208253127820e-04
1.694264297790836870e-04
4.685221287447784264e-04
3.727246217526641696e-04
3.955411212254292307e-04
4.676373103763818446e-04
1.695183288952019384e-04
3.950234189992347109e-04
3.716219718685145781e-04
2.600930630169039017e-04
4.997305127104578444e-04
5.021151579915391489e-04
9.750388118006070000e-04
4.992634817892398040e-04
2.592841310108442423e-04
9.813447111186232846e-04
4.452479765808276132e-04
