9.705569222488558655e-04
5.114987871114005675e-04
4.273906865653601594e-04
2.631290679233441623e-04
4.265310854473331414e-04
9.635686543917935075e-04
2.620499332471239325e-04
4.268020020258137047e-04
2.975235518542531082e-04
3.760239776934147949e-04
4.727730727220283858e-04
1.710305335725715095e-04
3.766543282901315998e-04
2.968968866468720230e-04
1.682124818290575772e-04
4.722118105036599510e-04
1.694694225034853226e-04
4.697092723755628713e-04
3.768541753309519941e-04
3.941263439985267267e-04
4.689645460752987945e-04
1.679401800802282575e-04
3.947031658020421722e-04
3.759210147727090785e-04
2.618294244140274038e-04
5.013562169277609127e-04
5.014409467653259921e-04
9.731526310330794374e-04
5.007203952264058190e-04
2.613291874830458842e-04
9.575031754456351900e-04
4.376732116502271520e-04
