-2.002070727923660910e-03
-2.347977703118025398e-05
-2.076776006440324469e-04
-1.213695879660338345e-04
-4.193548018928047456e-04
-1.043810964423624562e-03
-1.836917602192175876e-04
-1.904993230517393918e-04
1.687166552921976089e-04
-2.805234543375324102e-04
6.887287607509624387e-05
9.618833876312678915e-03
-3.036901178839155344e-04
1.448826469987471530e-04
9.777962953142982361e-03
-1.582282740805901228e-04
-9.400963908966946878e-03
-8.292816723880736766e-04
-3.747473813848933204e-04
-7.136108992170535944e-05
7.901718508087685923e-04
-1.012601598277822722e-02
-6.922863665885475414e-05
-3.321571021572129983e-04
-9.059857833793501247e-05
-2.676996202619734964e-04
-5.401587846244104750e-04
2.301902538345158150e-03
-2.439693325115179347e-04
-4.669151199866590068e-05
7.084433292245187475e-04
1.106740843210622221e-04
