9.773550305845539465e-02
5.120632244819559725e-02
4.240491227775480126e-02
2.717750595245241318e-02
4.237251187808799974e-02
9.637476386232697589e-02
2.700454304950878140e-02
4.241991118819532502e-02
3.157304930503226220e-02
3.652642824468586846e-02
4.664667248064369165e-02
1.616513884100159032e-02
3.646269240306180409e-02
3.155695399402270312e-02
1.628112495623598721e-02
4.646690525524543175e-02
1.633502110584574354e-02
4.585426034568386433e-02
3.650823728849621891e-02
3.960913252198772910e-02
4.567512211474497597e-02
1.629625549437590040e-02
3.962369430232569323e-02
3.645493089385803270e-02
2.698377618921504739e-02
4.835912892401887653e-02
4.984435371203378706e-02
9.617417539152400829e-02
4.833735099486339420e-02
2.691848270344726970e-02
9.743152322751280625e-02
4.392298303847062824e-02
