9.800006511324885206e-02
5.175986975585743916e-02
4.225872166886018855e-02
2.722769643909157822e-02
4.284466165279864763e-02
9.739287576275382219e-02
2.721084136453431196e-02
4.221014579693536939e-02
3.141280089414972415e-02
3.654503002867276473e-02
4.616151591851698488e-02
1.626992932604326078e-02
3.667021858374858861e-02
3.133658059790109252e-02
1.624942763172567209e-02
4.625754302350595232e-02
1.634468973764669278e-02
4.701000874915010896e-02
3.657504428742092834e-02
3.971363518759454814e-02
4.703380124811609025e-02
1.637130280774629076e-02
3.961594526644791198e-02
3.650912117475522273e-02
2.716280830459778112e-02
4.862483169570411962e-02
5.041830422992388955e-02
9.773015605126005034e-02
4.844022989207908553e-02
2.710213228489416482e-02
9.736058592232310627e-02
4.443001530882208922e-02
