9.630119001447668293e-04
5.181200213096370582e-04
4.203612881117995640e-04
2.639612504638336491e-04
4.346078171780115053e-04
9.632785600357616097e-04
2.645865903326399533e-04
4.200603010590402055e-04
2.960050890879540914e-04
3.677722653157286309e-04
4.694687831264144229e-04
1.713019350845450923e-04
3.681461355842484406e-04
2.954683244204589325e-04
1.699707204574835216e-04
4.678227511802563517e-04
1.703820103063883478e-04
4.650749375108792581e-04
3.686154412778633511e-04
4.054462024720428825e-04
4.647170332324762490e-04
1.719600923554022161e-04
4.046170100108229190e-04
3.677257163528911839e-04
2.632623300768803260e-04
4.957262109901031458e-04
5.118644070231130258e-04
9.674071391701822035e-04
4.959939558404570428e-04
2.631788941526698000e-04
9.550671701619539537e-04
4.422124024282526010e-04
