9.797409559260364560e-04
5.136502334024124587e-04
4.323991782877739535e-04
2.664190471859006386e-04
4.265728059081240432e-04
9.739734656371095388e-04
2.656123967353225769e-04
4.313804178950687352e-04
3.051887773651508940e-04
3.747897235796672044e-04
4.686139358521343879e-04
1.659274659705942893e-04
3.751456497087192932e-04
3.054044349208825710e-04
1.668069182497362597e-04
4.690341307305955745e-04
1.676229566730973240e-04
4.672056933924704993e-04
3.750975875053532489e-04
3.903913431702499986e-04
4.665128103174378594e-04
1.665142133895585309e-04
3.901568864014805997e-04
3.755379644764556837e-04
2.655238069746026857e-04
4.957229135962288149e-04
5.006008920819712523e-04
9.773778090873042924e-04
4.955391587952340422e-04
2.653994070487572065e-04
9.687473457964865513e-04
4.426069157626569056e-04
