2.420792335933378398e-04
-4.743610753895894489e-04
3.687835984464017777e-04
1.154000401559010242e-04
-7.172065511117967865e-04
-6.812731997033787059e-05
7.847147635051429204e-05
3.813965536105824445e-04
-4.981286931594176935e-04
2.194283875152382960e-04
7.673838702164381426e-04
9.806143252906419569e-03
2.725795852783014167e-04
-5.000156688578795937e-04
9.666826435728127082e-03
-5.480661177624955496e-04
-9.459822565849717452e-03
5.352913083781891089e-04
2.356723874372163724e-04
-2.607157000406071473e-04
-4.044231810543359664e-04
-1.025070715053932706e-02
-3.321917797758603286e-04
1.726813159249199821e-04
1.903399541515212834e-04
5.436268947246064315e-04
-1.063117409500836811e-03
3.164870728051008227e-04
4.442835717243931578e-04
1.600525178604569009e-04
-5.285761201260869230e-04
-2.008014111418309389e-04
