9.679225053434407791e-04
5.126272503057505018e-04
4.292851989268620235e-04
2.619100338945857241e-04
4.331267630700191590e-04
9.736122351818187913e-04
2.625373574983860619e-04
4.294766790166846550e-04
3.015501567889558804e-04
3.768634610894460433e-04
4.631493824942465014e-04
1.671084221414895839e-04
3.768367308082809378e-04
3.013448538389437692e-04
1.662605177084574540e-04
4.628628231892634192e-04
1.676553493299527751e-04
4.668942591027875982e-04
3.768694712323265969e-04
3.953499587062991611e-04
4.663943517682451415e-04
1.669879089026926166e-04
3.943172752789667079e-04
3.766411076204162554e-04
2.620273700890221082e-04
4.918669345321068477e-04
5.019500933508859713e-04
9.716696216263739482e-04
4.911844260795253728e-04
2.612972573491670575e-04
9.715319418443446814e-04
4.446583636536484375e-04
