9.530377104815547767e-04
5.119146236015580109e-04
4.320622506716423361e-04
2.633506921678440684e-04
4.287446872975079148e-04
9.621668451542913624e-04
2.634166654838750784e-04
4.316184432658554853e-04
2.998191347893384875e-04
3.773482681144324632e-04
4.615183725121425060e-04
1.679177546538779741e-04
3.767210459846679509e-04
2.995535136586365498e-04
1.685069079783117481e-04
4.605793870113297989e-04
1.678194234166033609e-04
4.706467295728392823e-04
3.758188050070520518e-04
3.899629322692800483e-04
4.689381772466746012e-04
1.690604128348256621e-04
3.894166659850110219e-04
3.765009493814777740e-04
2.617645621071426751e-04
5.007125506665892041e-04
4.987666185652978208e-04
9.512702951198968816e-04
5.000248360282019168e-04
2.616429699450434181e-04
9.735786548673143557e-04
4.421259825164962484e-04
