9.857854189063463331e-04
5.080979301686760216e-04
4.230234418983373854e-04
2.641528594063590396e-04
4.289490458296646371e-04
9.688602458898214068e-04
2.650485045544537059e-04
4.228019792753995331e-04
2.970122339675435085e-04
3.740645699625736809e-04
4.684231334644894441e-04
1.690861146663063847e-04
3.735410306963527069e-04
2.964902245744843907e-04
1.719566785706219930e-04
4.689189172773453604e-04
1.704464836137021861e-04
4.648379477762499602e-04
3.735255268350075168e-04
4.007453770648341487e-04
4.631751509089358700e-04
1.725694780910507376e-04
3.996525902126001084e-04
3.735902145433994096e-04
2.640774399243170129e-04
4.979117041457099173e-04
5.002986718702068627e-04
9.758356402107626424e-04
4.972290903197444873e-04
2.626020431762723624e-04
9.745536891018391403e-04
4.380042289517432821e-04
