9.734487969404359738e-04
5.083698638607130494e-04
4.262704427839715668e-04
2.606147981337027871e-04
4.265449891404211012e-04
9.812244008525557344e-04
2.597369590227375201e-04
4.260772922916954792e-04
2.984062955202774949e-04
3.785566024388613282e-04
4.682855888679941141e-04
1.705854498042879807e-04
3.789881633696935573e-04
2.977957129989532311e-04
1.699384184216832453e-04
4.657896780972209882e-04
1.704391842942170525e-04
4.677522883292865971e-04
3.796049904819227372e-04
3.911920335301218260e-04
4.665085740392222163e-04
1.715262770836990000e-04
3.910527281380450529e-04
3.784643677508480711e-04
2.606137273708023492e-04
4.980884497927504009e-04
4.991514323091156757e-04
9.783806140136715526e-04
4.972974522288670443e-04
2.602235103319064185e-04
9.739035763575103590e-04
4.366687715736550929e-04
