9.716137912046342220e-04
5.113070041828915707e-04
4.261704142412730861e-04
2.591235260190613088e-04
4.251975853985471166e-04
9.724646492601837344e-04
2.589338940465720005e-04
4.259654327420933444e-04
3.059399508616534929e-04
3.705391149015205060e-04
4.730576985517381903e-04
1.659835690727479087e-04
3.702576475348952540e-04
3.062503548821090410e-04
1.676874361266782513e-04
4.722743701282750462e-04
1.700174513056557514e-04
4.719549529913247038e-04
3.699146642059550436e-04
3.890505136809032575e-04
4.715612299411140623e-04
1.678809566003315254e-04
3.881287955085109607e-04
3.702145032110708517e-04
2.585475950031403212e-04
4.964275805677235845e-04
4.960431380124709659e-04
9.681739647321442295e-04
4.955277667189599694e-04
2.574520234184245085e-04
9.747864867795499920e-04
4.421763271348934637e-04
