9.597482084597643015e-02
5.112882276258419456e-02
4.179897174201937377e-02
2.639705412392065811e-02
4.310266844303609762e-02
9.605572730442352158e-02
2.633519905363739672e-02
4.179006512303001103e-02
2.965792647383084027e-02
3.752613305117504655e-02
4.675043960805079502e-02
1.685014387301011010e-02
3.739790333469247829e-02
2.958764125418447341e-02
1.708802868990434709e-02
4.676252311370068110e-02
1.724869719193358047e-02
4.695832217325252717e-02
3.741545002111031082e-02
4.075706197892751959e-02
4.687250737597980360e-02
1.682566526298823542e-02
4.074337529388408902e-02
3.731443439320055594e-02
2.630546246560800869e-02
5.024620805558856207e-02
5.071964261290064224e-02
9.623169405181737635e-02
5.025361946651911438e-02
2.623956168271943806e-02
9.597053244708542152e-02
4.367493620274736504e-02
