9.715003409996264636e-04
5.191560017760487103e-04
4.197356289381438260e-04
2.794188025176180335e-04
4.273362946288164640e-04
9.745919511131898548e-04
2.790620895116032135e-04
4.197700974435350941e-04
3.208919334619221402e-04
3.526636571273700097e-04
4.611177536275995448e-04
1.591156864089938907e-04
3.529530600675833741e-04
3.205098383254797990e-04
1.579537931709584482e-04
4.597847529601084083e-04
1.595141824586821736e-04
4.607323873384434844e-04
3.522791443363109624e-04
4.037089308197445428e-04
4.598734474088267497e-04
1.596146261755404896e-04
4.029377979708098395e-04
3.520739541327294782e-04
2.783797707836796519e-04
4.770411876286059999e-04
5.032054865166018034e-04
9.757469807625190417e-04
4.761487023337617006e-04
2.786574098757315797e-04
9.684579655297498356e-04
4.452059283052329261e-04
