9.788503906272246532e-04
5.170063643733698857e-04
4.296325601480729950e-04
2.744287749978825013e-04
4.248678427145826286e-04
9.810388419341381245e-04
2.736326392590336188e-04
4.296043449045515222e-04
3.183132422795752810e-04
3.677017437784370151e-04
4.636428167900379527e-04
1.627617175504070138e-04
3.669663349194132035e-04
3.178155638456544576e-04
1.626023987605762890e-04
4.636036150499944818e-04
1.630370557071253456e-04
4.615506655734118928e-04
3.663651533289740358e-04
4.007113820492698170e-04
4.625058676682612863e-04
1.600907486409338797e-04
4.008103635540849279e-04
3.663330796097819734e-04
2.723874723797931247e-04
4.893041087933956007e-04
5.032052686454054589e-04
9.775919863784729175e-04
4.888587066106289507e-04
2.726400042448795589e-04
9.860435488333236555e-04
4.419748391918282043e-04
