9.877400455754019315e-02
5.074878692295642368e-02
4.230231394903347791e-02
2.700166039513456073e-02
4.288013610861192426e-02
9.748346741323733744e-02
2.698200314973859398e-02
4.217671872258772076e-02
2.940595041988798564e-02
3.698428007664126410e-02
4.696462667243106459e-02
1.704557304455947206e-02
3.688023295398688145e-02
2.945091487156146007e-02
1.716539587268727310e-02
4.692559296437236183e-02
1.726074050574209415e-02
4.721828859684106677e-02
3.683856197745802308e-02
4.094688530871652687e-02
4.723025050390319141e-02
1.714772161709269063e-02
4.086424535411352366e-02
3.701250184482178518e-02
2.691343507156916670e-02
5.028430531497154327e-02
5.037731614026225158e-02
9.806341998150217010e-02
5.030720865595307567e-02
2.689307122719769572e-02
9.774140284098649378e-02
4.339689517000394625e-02
