9.746235792796973264e-04
5.184059264860318766e-04
4.293706484995716871e-04
2.662694076226209544e-04
4.289995179292144397e-04
9.682215455450890419e-04
2.648779322134600222e-04
4.303034257740635652e-04
3.066500683104348367e-04
3.692573525608052625e-04
4.678823971740984911e-04
1.658341044420926272e-04
3.686252902131482469e-04
3.068077789463167148e-04
1.651136419262810818e-04
4.666233324322205259e-04
1.657708580480485544e-04
4.666687966336652824e-04
3.691767992608324081e-04
3.902458136860264366e-04
4.658613584601089576e-04
1.668101772686258956e-04
3.898374362049169964e-04
3.687984375081626619e-04
2.653745051281734173e-04
4.935916983721266599e-04
5.039032034959238775e-04
9.717717256885376534e-04
4.924783913908115486e-04
2.651191624851171789e-04
9.695501227502552853e-04
4.451991513883168309e-04
