-4.737540486756446827e-04
8.049932114939652942e-04
-7.181225411685580656e-04
4.581382907186992329e-05
-9.789935869223085751e-05
2.802955490499954970e-05
-3.380408702234447155e-06
-7.071507969846919234e-04
3.198664101293569929e-04
1.596599992791308885e-04
4.608780199251569167e-04
9.488342739213326271e-03
1.363715159995683088e-04
3.145556409931693498e-04
1.014226190520792215e-02
-6.085798852324814361e-04
-9.540133732572503647e-03
-6.208862958187559837e-06
9.639355197726464655e-05
3.388412369382388218e-04
-2.236104124845421099e-04
-9.772523046778464756e-03
3.605599720136151471e-04
6.808074551690096498e-05
6.795754715254128902e-06
-7.553817514942967604e-04
2.770099421626254677e-04
3.442947331955928153e-04
-7.216307794938390651e-04
3.058819742227055399e-05
5.255680518542268654e-05
4.562369884605797722e-04
