9.586183486702291390e-04
5.192533509727663768e-04
4.345731405696658806e-04
2.596708802519296548e-04
4.334396752420093695e-04
9.600527731468610701e-04
2.599219235314139754e-04
4.333395734895889671e-04
3.009049236906387380e-04
3.766051479552208459e-04
4.651596596345473791e-04
1.694553143690653895e-04
3.775189412093963638e-04
3.008269301029664025e-04
1.684313332339892855e-04
4.656737902328144589e-04
1.696110660107359258e-04
4.654392272601143733e-04
3.772804648489994279e-04
3.986381238823564544e-04
4.660945081228486607e-04
1.706570693166839872e-04
3.984007346754289800e-04
3.767695955806111391e-04
2.602634022536838652e-04
5.037365983391032696e-04
5.087651648687825786e-04
9.576131425454252871e-04
5.031066704399662567e-04
2.592218233519471855e-04
9.633814042742751054e-04
4.463153103121321355e-04
