9.564794658990213904e-04
5.088532869831805753e-04
4.304603765158489031e-04
2.622248454428764892e-04
4.259273942600610031e-04
9.603709296762820251e-04
2.615255137233946895e-04
4.305118839644674999e-04
2.967981199032316848e-04
3.776392134981698071e-04
4.725138629365910337e-04
1.687179689322745879e-04
3.771344549002242580e-04
2.963429241063838659e-04
1.708637754132885309e-04
4.726074657894260150e-04
1.696876132852564176e-04
4.661676400564585421e-04
3.764302747855542003e-04
3.957136803894255295e-04
4.658924161174530804e-04
1.691368358471946956e-04
3.953018249233874407e-04
3.763970990180785076e-04
2.613258771618188429e-04
5.002785683056606113e-04
4.980257693856877856e-04
9.617889871416938951e-04
5.001599517322006649e-04
2.612756198474853997e-04
9.519052826401027973e-04
4.394851712330954496e-04
