9.654496516547719787e-04
5.249655825570082339e-04
4.090580985195005131e-04
2.796752427653336143e-04
4.314546498626649351e-04
9.857323874396084051e-04
2.786818370857336528e-04
4.095093748820557490e-04
3.264051350258655323e-04
3.548984887395824177e-04
4.629733767641201064e-04
1.574345810435987577e-04
3.547985497611640289e-04
3.256751316100090659e-04
1.596042437073293130e-04
4.619558893401238468e-04
1.600467478149217272e-04
4.631640878997468473e-04
3.548421327522482830e-04
4.037945781932398312e-04
4.612757689438758894e-04
1.587271261247821135e-04
4.037590657375352693e-04
3.535039856056613962e-04
2.787349582693568690e-04
4.753552799651371242e-04
5.098147615354847728e-04
9.749738109383585287e-04
4.744845104241769435e-04
2.776356698102143265e-04
9.753068781849014287e-04
4.499152428983282459e-04
