3.258079762842562436e-04
-6.619931142147770023e-04
1.777549304071418393e-05
-1.155310512636579937e-04
-9.896543649939972334e-04
8.625466468644122460e-04
-1.335827221714687939e-04
-1.620386432532721228e-05
-1.551247144847837294e-04
-2.675888844011393183e-04
9.594057920855147796e-04
9.623931984130034908e-03
-2.468809552605594508e-04
-1.557995460855538959e-04
1.032894667250232670e-02
-9.081353094193804357e-04
-9.860066341709734089e-03
3.914642877071585034e-04
-3.906102511658059834e-04
9.602733395232111268e-05
-3.228098169808463831e-04
-9.958927113702052344e-03
1.046035343365589145e-04
-3.671576350304546618e-04
-1.031135889104671993e-04
1.355050349125625712e-04
-1.066437181354264879e-03
-7.044248806052649673e-04
1.472019256452446873e-04
-9.937242760112739509e-05
-4.706218949046123883e-04
-4.505538042315547997e-04
