2.421254428015597862e-04
-1.029292441161718495e-03
1.962194068007149937e-04
1.039984965568647074e-04
-1.227956784803264142e-03
-1.389507732102613887e-03
8.597283750537674542e-05
1.960561695982435788e-04
-3.280747083806997934e-06
3.691854001590273433e-04
-4.557500431163058192e-04
9.560842089784011774e-03
3.137009981163783206e-04
-1.043288450098662053e-04
9.699805741523093508e-03
3.883986931585818331e-04
-9.429305174282674035e-03
-2.523276499175052283e-04
3.649853214479453723e-04
-1.534678977940311345e-04
2.297375108587189742e-04
-1.025001203388966470e-02
-6.056333511769522709e-05
3.411416365473170188e-04
1.100025895139153121e-04
1.693797231726592266e-04
-1.569105810396613423e-03
1.566859020521868746e-04
2.063351287739500085e-04
6.501659420802318790e-05
9.762355428414468085e-04
-7.327377249466151231e-04
