-5.268700179236631255e-04
1.356558387192130467e-03
-1.475293745868556776e-04
-2.394641212755904507e-04
7.747714758546505502e-04
-2.028151453447249323e-04
-2.191510983783758967e-04
-9.950568907229883091e-05
5.705516431155784572e-04
5.241281441954756759e-05
9.219647554638747504e-05
9.633662640409023856e-03
8.993795069124231253e-05
6.009163281915270733e-04
1.021188490872991517e-02
9.359191205088894701e-05
-9.651769066991654558e-03
-7.003611358099461190e-04
-1.624792247144536971e-05
4.924896437747134769e-04
7.929523836577869432e-04
-9.948519468776019156e-03
4.332415735990860430e-04
1.221615306285749149e-05
-1.776735118792677778e-04
-5.792808233143491477e-04
9.740226938537942507e-04
7.165004198655485932e-04
-5.660816996067783964e-04
-1.885499065086708491e-04
6.771029019765271962e-05
1.146192329119510378e-03
