3.098349226771571598e-04
9.912355108460701764e-05
1.181086551330251283e-04
1.048833734479251363e-04
-6.053623982128160429e-04
-9.727715455715730403e-04
9.090156974163154772e-05
5.802662128983749858e-05
-2.482668946183283357e-04
3.390513292143374218e-05
-6.806888048566211687e-04
9.693624580514110384e-03
3.935370347740033619e-05
-2.881322465905039013e-04
1.008925349031357215e-02
6.538683773641990743e-04
-9.507389329205811687e-03
-5.058467313828272482e-04
-2.617418073212047269e-05
1.204596976393310900e-04
4.906603330426512590e-04
-9.854661742501526212e-03
1.758308275408983039e-04
-8.014721605160790593e-06
1.692545212470045462e-04
1.666689220834733956e-05
-4.155370825253885980e-04
8.630961486516488699e-04
3.130183005028473547e-05
1.008347552769384343e-04
-1.464694957339970482e-04
-1.118202067781702802e-04
