1.391383686420373284e-04
2.499694227556116641e-04
7.166099057782027908e-05
3.898505293731648405e-05
-2.117826906559448557e-04
8.738243233906634651e-05
3.949967768543989898e-05
7.529318173253578435e-05
-1.166755171336113543e-05
-8.161096590797128187e-05
-6.504009828246257272e-05
9.625160242823714921e-03
-8.480359413630499511e-05
-2.034273010345523161e-05
1.001446737777363961e-02
6.068182584545520341e-05
-9.606029065486814192e-03
-8.201102281954060730e-05
-1.242837820917776139e-04
-5.834320590274307945e-06
8.095963386178069902e-05
-1.004585173103933644e-02
5.599327354931337954e-06
-1.322375002777492140e-04
7.377615990849595642e-05
6.534475442088743147e-05
-2.271519551394728109e-04
-1.026004885086058817e-04
6.518914136374795302e-05
7.684217242986565407e-05
-1.246331290967791084e-04
2.527618571990211845e-04
