-8.386189718938025922e-04
-7.142396002392766615e-04
-6.289061539067548933e-04
-4.468641567426561768e-04
-9.468904534570540604e-04
-8.666694749426488275e-04
-4.594269459118265975e-04
-5.895396717879066968e-04
-3.518974225950366507e-04
-8.097296601946474574e-04
7.191544196267443356e-06
9.669797572406491071e-03
-7.203281670066640375e-04
-3.194282770353789225e-04
9.717858595538152872e-03
7.181434279696724489e-05
-9.397407032368210525e-03
-8.094953644499839999e-04
-8.195584220542395009e-04
3.230288036015905423e-04
8.385449778827821143e-04
-1.025850103062364918e-02
2.630495776047725594e-04
-7.165993189607299538e-04
-4.190869624947920298e-04
9.413384088431260804e-05
-1.116187477366443939e-03
1.777997856600472973e-03
9.062224748380389089e-05
-3.626367254565325765e-04
-8.776551258100194648e-05
-5.379316163497093991e-04
