1.277114402308417785e-05
7.882622406994469963e-04
-3.940028110426272768e-04
-4.936254313234300205e-04
-1.741653641412632550e-04
6.884227103027024553e-04
-4.209447180346909774e-04
-3.667959343902782595e-04
3.836739063337092658e-04
-3.751187386119747460e-05
1.920554745796912498e-04
9.555502093384437776e-03
-3.215765326915267792e-05
3.743926737200866392e-04
9.988615250295406964e-03
-3.295408041496995940e-04
-9.523511303338146397e-03
2.426032313607278117e-04
-9.287165718829546780e-05
-1.344618311620418773e-05
-3.068052342002864979e-04
-9.935294837700822668e-03
-8.358710951550721901e-06
-1.686986006033277765e-05
-4.383092450868924660e-04
-7.212325976026441642e-04
3.274293691458290425e-04
-2.114489543955046691e-04
-7.402361026036659254e-04
-5.457425348006063543e-04
-4.643982565157463421e-04
2.984844810499897292e-04
