9.624803412953147506e-04
5.161540605723721016e-04
4.294942912221469205e-04
2.636972601213431050e-04
4.297119340814960090e-04
9.627049846616124364e-04
2.630325992514712650e-04
4.287739141657486027e-04
2.980706803327489015e-04
3.790390560360912004e-04
4.635781557191897932e-04
1.677572564590804126e-04
3.779331972591189258e-04
2.974488417456629878e-04
1.681904300799217636e-04
4.641543139253455591e-04
1.686165477112140968e-04
4.664729951775752233e-04
3.781664150957145124e-04
3.900001046064373290e-04
4.658497559649990463e-04
1.695215275905916899e-04
3.892718277832646844e-04
3.780889683962279017e-04
2.626030414003860283e-04
4.959704528790380733e-04
5.035004903754471042e-04
9.560310573044264850e-04
4.956741461770849608e-04
2.622200252104578194e-04
9.683416103006725791e-04
4.436105893927640761e-04
