9.649155284562734242e-04
5.187962449135803808e-04
4.146082310787530412e-04
2.649962477436772798e-04
4.367726597639651795e-04
9.772504609079351191e-04
2.643240797887973941e-04
4.134875399461691360e-04
2.958909263359989434e-04
3.708188865803935990e-04
4.684791209655119653e-04
1.717262123724792508e-04
3.711891542716969929e-04
2.952750870144744098e-04
1.705373295790129089e-04
4.672051376933370349e-04
1.716423914961774709e-04
4.673929898003040696e-04
3.708313748125088979e-04
3.958252411067791129e-04
4.672386243110955789e-04
1.718352999766666728e-04
3.953486313619015177e-04
3.701879275917302719e-04
2.631243108086913892e-04
4.882136105903500190e-04
5.122198515432358368e-04
9.722017031989299779e-04
4.880919026342919222e-04
2.630738899670497693e-04
9.715129395348917314e-04
4.451190987952904216e-04
