9.717573542168729539e-02
5.135397283003435842e-02
4.280869975298638025e-02
2.616377265333606414e-02
4.277871583895500457e-02
9.557645081128511577e-02
2.615448460514015888e-02
4.286611406986478440e-02
3.016403998435492062e-02
3.726001402682135866e-02
4.611572997333653057e-02
1.674408956969329274e-02
3.725138479168772082e-02
3.013496586672114938e-02
1.655646169589068337e-02
4.601023338787493117e-02
1.669889911003204913e-02
4.689372545849760515e-02
3.716261502229732672e-02
3.891004266295911701e-02
4.675480438928858451e-02
1.663260609304298768e-02
3.884170298572577062e-02
3.714590527840090639e-02
2.607228455918936261e-02
4.900238691524749085e-02
5.005511813370894930e-02
9.690091537585585058e-02
4.895315910086384809e-02
2.605874674705221591e-02
9.608821091523245261e-02
4.432080518018651633e-02
