9.834154140079767736e-02
5.215550630952364708e-02
4.077013998231625996e-02
2.844259650350781238e-02
4.254760168149838290e-02
9.747076708855541283e-02
2.841611656926465099e-02
4.063505246276592764e-02
3.281115226119236256e-02
3.504924544136828884e-02
4.639986978421536262e-02
1.590209995114867658e-02
3.497502613371825109e-02
3.278074897407352861e-02
1.603713752251119742e-02
4.627387180457938343e-02
1.597151793870076053e-02
4.544462745599094772e-02
3.487345709638942776e-02
4.058098791197748550e-02
4.543189667161452727e-02
1.591381611188912720e-02
4.049161470537868124e-02
3.500745803931980954e-02
2.834266534400923729e-02
4.667034809431042791e-02
5.087220315226304024e-02
9.715581023776120873e-02
4.665586560898248025e-02
2.830590953489954889e-02
9.791418998326756329e-02
4.416467248429598036e-02
