9.696087883491899149e-04
5.181994566279127853e-04
4.217361988147307669e-04
2.661621019904954937e-04
4.378822805759928927e-04
9.672861070512212217e-04
2.652859542582943777e-04
4.205996537347211038e-04
2.960237673930045778e-04
3.757580103534723819e-04
4.720243577422369085e-04
1.693872802792403918e-04
3.762343812316611244e-04
2.952330954495042004e-04
1.701848153041906784e-04
4.701795052346430075e-04
1.695796142327500816e-04
4.691006095656204372e-04
3.756263077087644456e-04
3.937299051455195147e-04
4.674903560109951910e-04
1.705833166538979029e-04
3.938742134332888956e-04
3.760138059288601264e-04
2.648053547773484596e-04
4.946666673451279939e-04
5.099641937541550931e-04
9.655107271956987758e-04
4.937382346000166811e-04
2.646239534206359695e-04
9.742865653930289334e-04
4.478471553033159126e-04
