5.055203412020060731e-04
8.863929984592863395e-05
8.227854376183967380e-05
-1.230335310352631659e-04
-6.204100765264127610e-04
8.890408264262390867e-04
-1.968278780873166213e-04
1.157055636683829831e-04
-1.482315417477865212e-04
-4.415389811781746782e-04
1.818462698431645572e-05
9.571380319866594141e-03
-3.717601524582618403e-04
-1.051759175641898931e-04
1.010377130113159806e-02
-1.906454127692977576e-06
-9.633774800679032954e-03
-3.921457770201336132e-04
-5.118073363477639590e-04
1.070733027127218016e-04
4.199372035589491576e-04
-9.913615010480443523e-03
5.371019362916320546e-05
-5.428450723930751745e-04
-1.344142759882265394e-04
2.326419437858233484e-05
-3.191436992471277331e-04
-2.432072584196827111e-04
4.760037999122446536e-05
-5.210971235700999414e-05
-1.155173587344400336e-03
-1.629417549317838316e-04
