9.749159732254921926e-04
5.135819128427644188e-04
4.280230475694750294e-04
2.665025297938629183e-04
4.231647143453345287e-04
9.717307917766103897e-04
2.651939575565596453e-04
4.279722626534478071e-04
3.034141855176928477e-04
3.734380429677437545e-04
4.670291456307160268e-04
1.669488074853698440e-04
3.726529030852172939e-04
3.028780893712617705e-04
1.655439512029280931e-04
4.670526681322371173e-04
1.686192233619429614e-04
4.614777942941350897e-04
3.736324208441040755e-04
3.889361973752091038e-04
4.618952541229084073e-04
1.675601440315343681e-04
3.883264532050945280e-04
3.734294217423177642e-04
2.645941254653698589e-04
4.942512788568931108e-04
4.999391463763744803e-04
9.770178137083515135e-04
4.939181401032854014e-04
2.657141537021346354e-04
9.702801212139791891e-04
4.384762407272390673e-04
