9.748938506421665762e-02
5.071495241288744710e-02
4.166711971466000031e-02
2.698188417634948821e-02
4.244692306072622018e-02
9.693810700496534316e-02
2.687276747802261681e-02
4.156801437329268184e-02
2.928565200571622493e-02
3.635373428663443013e-02
4.715689475645418183e-02
1.723855730895020380e-02
3.644167617023670591e-02
2.925276555712377421e-02
1.731917601458451972e-02
4.720907660236993431e-02
1.732706602779605920e-02
4.707758518496751171e-02
3.646861314112731511e-02
4.057999541777781993e-02
4.708053387529565620e-02
1.729226123158752321e-02
4.056518117944585972e-02
3.644038296689929707e-02
2.690620843277870960e-02
4.979543056300513026e-02
5.040276785069888743e-02
9.696214808351402703e-02
4.969746350337361090e-02
2.693229166418814255e-02
9.777579864241246754e-02
4.277732837769427504e-02
