9.740020326429890771e-04
5.129189109654421971e-04
4.207714870353657728e-04
2.632180277343613159e-04
4.297248006518805501e-04
9.677622201936067784e-04
2.632680131806452019e-04
4.193902590886985286e-04
2.987081868258053283e-04
3.728841060483125769e-04
4.716498291854645769e-04
1.739283185106270315e-04
3.724063695317485017e-04
2.978684501670948595e-04
1.702167288362878967e-04
4.727400461902442601e-04
1.720103815817564824e-04
4.708809107045912930e-04
3.714138888995775507e-04
4.006534296687649238e-04
4.720433347033651281e-04
1.729857771537020262e-04
3.994539912780400385e-04
3.718754438954513476e-04
2.617871321731478395e-04
5.024768940623727115e-04
5.070997818446018688e-04
9.726984509153739720e-04
5.022467831740080966e-04
2.616057305526878294e-04
9.655917921903693114e-04
4.365581076563476801e-04
