-7.760638850688610145e-05
1.513974240668281761e-04
-3.822398576926865917e-05
-6.946184953135977366e-05
-2.698119125836438616e-04
2.022092656428689636e-04
-8.763622115061276850e-05
-3.408424342849244559e-05
6.384234508554324653e-05
-3.592122181018349888e-05
1.375891883052467212e-05
9.665714432305398673e-03
-2.395254931868801032e-05
5.924872051434051191e-05
1.000070752371236965e-02
-6.604333986396279136e-06
-9.580187894923273065e-03
1.691392833773034288e-04
-6.726209405856770475e-05
6.912213980241345402e-05
-1.527279003502576360e-04
-1.007787929024846207e-02
6.983436773345464473e-05
-7.580119635716592069e-05
-4.252104698967679972e-05
-2.449885350105550095e-05
-2.828052071307274058e-04
-1.778387828084607809e-04
-2.202900173928556358e-05
-3.984143415900597430e-05
4.381970507802234295e-05
1.716626299112253642e-04
