9.669091986703177814e-04
5.221624886671625675e-04
4.324858418241592402e-04
2.632868074543459527e-04
4.296331549088158210e-04
9.703484098547832505e-04
2.623595876311973231e-04
4.318833251605818757e-04
3.034139314702286299e-04
3.753662329224627544e-04
4.672611402051180885e-04
1.686822218364990896e-04
3.752496997216193757e-04
3.025281216761583399e-04
1.714255256822342938e-04
4.658449557372941908e-04
1.699638949664917837e-04
4.732106952048634077e-04
3.749547247822660389e-04
3.910542370843792556e-04
4.718226087204976157e-04
1.709152086105566711e-04
3.915332285480186791e-04
3.743825024877265933e-04
2.621331540669224742e-04
4.933524090112990750e-04
5.090017383586221012e-04
9.630471104213157241e-04
4.934256215604409471e-04
2.617191523558628900e-04
9.757505873783621497e-04
4.444165382084024822e-04
