9.745850539162109402e-04
5.249730993762116629e-04
4.026773578932964269e-04
2.863424905520947986e-04
4.263033481941465308e-04
9.772405410490541799e-04
2.855890438379009668e-04
4.021335760881013157e-04
3.422900040825530119e-04
3.488015887468377233e-04
4.617088491353148693e-04
1.552709381391908930e-04
3.482727585578366636e-04
3.416205075875953807e-04
1.564227638216312167e-04
4.613270722869606882e-04
1.574434215520649873e-04
4.560290930395939808e-04
3.483479785645539773e-04
4.105115704163182517e-04
4.540955231861730501e-04
1.568901859007197012e-04
4.104074150769858060e-04
3.472903140042519522e-04
2.854210193987246008e-04
4.679814775122579425e-04
5.095506038714940405e-04
9.707398267972820911e-04
4.686622139278852329e-04
2.851775494366882145e-04
9.774178358058986226e-04
4.433666755797671471e-04
