9.714006808496506145e-04
5.141286242674915222e-04
4.196227590649596797e-04
2.642956926134495065e-04
4.352030439224339412e-04
9.675460655770034722e-04
2.639301445907099044e-04
4.185398953532615826e-04
2.957404817997221456e-04
3.732672475700141200e-04
4.629103940602299471e-04
1.706594597892319501e-04
3.730687075621198973e-04
2.949018679107393449e-04
1.689803937022290735e-04
4.614802972237017661e-04
1.702309801105873635e-04
4.731283749476773042e-04
3.730992964032197310e-04
4.042832081773331380e-04
4.720006581147267576e-04
1.724014860892360333e-04
4.044939022190286717e-04
3.733657312069666801e-04
2.632665490542131291e-04
4.955766193618358663e-04
5.071381247374837651e-04
9.689691163142793605e-04
4.956603567175719115e-04
2.626269061843541333e-04
9.712990186786824194e-04
4.431622907096380401e-04
