9.737463983332184103e-02
5.090579370629424311e-02
4.298312002631715645e-02
2.655589899467556206e-02
4.261131358486666687e-02
9.875698348350550604e-02
2.661280019851656672e-02
4.293445137799912353e-02
3.087252841603054312e-02
3.656605463973157388e-02
4.666894526176677133e-02
1.660520623804875515e-02
3.655791903013674154e-02
3.086384952206921300e-02
1.655691216355283796e-02
4.655897172553304098e-02
1.656632090453522693e-02
4.670702647979502881e-02
3.656793261549079466e-02
3.939223566640426277e-02
4.643939667728350790e-02
1.672231238999475136e-02
3.926852253897376854e-02
3.649928315798740136e-02
2.649229546483445469e-02
4.943393713194188521e-02
4.969506766095356520e-02
9.848102107054322596e-02
4.940906356456609833e-02
2.640934504396166491e-02
9.807328130846368341e-02
4.410773935628398146e-02
