9.785137082096140825e-04
5.058526107477269093e-04
4.130241959328852133e-04
2.641112154091219966e-04
4.222472246866520399e-04
9.752150322651008353e-04
2.643433574456482754e-04
4.125333131796591018e-04
2.894845047644161460e-04
3.722571167251075767e-04
4.731508212345491497e-04
1.710772270980629860e-04
3.716679535646718897e-04
2.895921366219069587e-04
1.726087517665958178e-04
4.727779782623722218e-04
1.738182853813107951e-04
4.761788665334847309e-04
3.720097773253349272e-04
3.995676530098406774e-04
4.755304286341435283e-04
1.730081273105056648e-04
3.985309904842343660e-04
3.722178876152315769e-04
2.646897331014962562e-04
4.941228531823161881e-04
5.001033640534698847e-04
9.768410995563002637e-04
4.943671506687835528e-04
2.642662107289181278e-04
9.807690085313087308e-04
4.278775317941218236e-04
