9.769188958458799137e-04
5.122611986933812674e-04
4.109606067567292604e-04
2.684240294633869883e-04
4.324647043000061451e-04
9.763932093395968599e-04
2.667370599406332582e-04
4.103958281573142947e-04
2.876014721794335868e-04
3.640028734276958802e-04
4.640843311012625883e-04
1.717935209165983223e-04
3.632921587459648095e-04
2.864066116947475973e-04
1.713721415197324140e-04
4.642477236221079695e-04
1.728822312657534983e-04
4.661969859491510372e-04
3.630196970422060881e-04
4.015269334624388333e-04
4.651974449981651459e-04
1.726590779561587824e-04
4.017222823325197496e-04
3.635545158679530462e-04
2.658898470205150349e-04
4.952345632146663065e-04
5.090268933869681245e-04
9.708825308745359060e-04
4.946634839095346257e-04
2.661619258708099265e-04
9.771389948845577746e-04
4.362888307409640916e-04
