9.731303940785091932e-04
5.153426227805049144e-04
4.101616859389647864e-04
2.700669479751546050e-04
4.326196515156201803e-04
9.722427049553441060e-04
2.697063070702106040e-04
4.096957926888876336e-04
2.886842773438384768e-04
3.653328696476651374e-04
4.744050290243371961e-04
1.696334610594402268e-04
3.648150626149558053e-04
2.884238840327990041e-04
1.702786457663014335e-04
4.725916121551758495e-04
1.718966638949924160e-04
4.701640395142156503e-04
3.659226227767403586e-04
3.983492767321682041e-04
4.696428483885850655e-04
1.709964559354674681e-04
3.979365918292492293e-04
3.656660868605032789e-04
2.697171582297139920e-04
4.978570361867056373e-04
5.102246246680990256e-04
9.707143628140884684e-04
4.977813592459349578e-04
2.683564852569762338e-04
9.663593569932168569e-04
4.376297844765321627e-04
