9.768518111151274722e-04
5.154504449549669482e-04
4.293065841003540343e-04
2.612187979461701496e-04
4.328655675276801753e-04
9.663265085422564730e-04
2.617869077461952858e-04
4.282601174573152187e-04
3.017965137446015564e-04
3.728770622535875130e-04
4.698189280977951160e-04
1.691220743954540827e-04
3.722585063837724646e-04
3.015747598606017773e-04
1.687120853879316769e-04
4.703565204504262529e-04
1.706661512723151042e-04
4.611458283687631683e-04
3.713221836074071035e-04
3.902869990297583845e-04
4.598544087439535521e-04
1.684409154425309501e-04
3.894123124931532661e-04
3.714413745762956773e-04
2.604511862632072545e-04
4.966583562944006406e-04
5.052715873037730591e-04
9.706791519945366480e-04
4.971739096857704559e-04
2.596003675815898625e-04
9.677166890834898970e-04
4.448883091944836016e-04
