9.676074628322419270e-04
5.142981619050354409e-04
4.293299806668819511e-04
2.658690864541046837e-04
4.320512693138448533e-04
9.679731718386255877e-04
2.650423783785709896e-04
4.286859144073961489e-04
3.041353513299642811e-04
3.783249987515320306e-04
4.661215021393005768e-04
1.688870308311055698e-04
3.778506846797394410e-04
3.035374337987470231e-04
1.677372352723344889e-04
4.654424718598382509e-04
1.696966899450807727e-04
4.706127375650032401e-04
3.782602169803060102e-04
3.899223140161420936e-04
4.702328116929970023e-04
1.700863748927429182e-04
3.895256517602783920e-04
3.774804051594950085e-04
2.651504660571259641e-04
4.980669053857981511e-04
5.022659825386837718e-04
9.693049638039495609e-04
4.983112548812182159e-04
2.643091598538771037e-04
9.658729526327242219e-04
4.451534796617477650e-04
