9.625976788782571181e-02
5.149808604098003728e-02
4.317891290411833560e-02
2.637831928173973647e-02
4.277378717406760122e-02
9.584978378683647882e-02
2.632706629520337183e-02
4.321555366513012142e-02
3.055689384508909409e-02
3.744037389578966368e-02
4.678203395812126353e-02
1.659691480483408907e-02
3.738674961637639821e-02
3.053756322360672362e-02
1.674713206000041227e-02
4.671249475984281391e-02
1.671557709542288370e-02
4.650257448883154954e-02
3.740564921377709240e-02
3.921195413809382829e-02
4.648939497062836573e-02
1.663992916435463529e-02
3.916605853672828347e-02
3.734663554325163420e-02
2.628436105854026553e-02
4.910908766444620904e-02
5.033801222187765656e-02
9.559912414886792553e-02
4.909103251776399113e-02
2.624097756213288751e-02
9.656562001004752316e-02
4.412358306482785930e-02
