8.458318048409593001e-05
4.052972898450776730e-04
-8.584687721258461239e-05
-3.227974302927169234e-04
1.198200651908427563e-04
-4.850597403569104136e-04
-2.674649396975209404e-04
-1.688354288816374445e-04
-1.554243467239067552e-04
-1.288186808908512143e-04
-8.904761773832100798e-04
9.849904074425494885e-03
-1.016981196866971319e-04
-2.407764654386298304e-04
9.960801076813609323e-03
9.139924951497493000e-04
-9.514047912663805076e-03
-6.143405439518743235e-04
-6.908818563116404527e-05
5.495228091647744927e-05
7.370564142483885606e-04
-1.018824864491574625e-02
7.732175350208852409e-05
-5.718816106677373742e-05
-2.675692665514851475e-04
-1.678325231020860633e-04
3.217183003626052291e-05
3.144984614693453447e-04
-2.212808017478639223e-04
-2.999956417599581671e-04
6.107395175204738847e-05
5.324237516975165911e-04
