9.714462877835234071e-04
5.132056669995754480e-04
4.315354322072123289e-04
2.614708170130987516e-04
4.303996955182725704e-04
9.711618465733503833e-04
2.618810842630760042e-04
4.299961888409617287e-04
3.035360527054504392e-04
3.777821175632634955e-04
4.638880626137337248e-04
1.670015800420329689e-04
3.778380170842711417e-04
3.036752592934890190e-04
1.657393447805344516e-04
4.626797367081190082e-04
1.677279893192299472e-04
4.646067672401410519e-04
3.773654661670487590e-04
3.906075136338331205e-04
4.644609443577921420e-04
1.670061456298786327e-04
3.888982796971414673e-04
3.782566729518517328e-04
2.624542881334538552e-04
4.959225637054793081e-04
5.005332557077436621e-04
9.783348540515393165e-04
4.947910844247848305e-04
2.613485215858643487e-04
9.659829883631593228e-04
4.446754833263744273e-04
