3.441268552263925169e-04
1.230235024175485819e-04
1.181551959644092602e-04
1.945910513735358381e-05
-9.676333888180984558e-04
9.947263427259884615e-04
-7.752445359347277147e-06
1.443227386485075440e-04
-5.623987428254980303e-04
2.409509412857798187e-04
4.774262348807897642e-04
9.661982947683158893e-03
2.468881430048033778e-04
-5.550014665411011697e-04
9.873005081512696568e-03
-5.103702577030728646e-04
-9.543916227686723153e-03
-6.567433180399773803e-04
9.336709653396410655e-05
-1.311911867979736936e-04
5.958841498543590402e-04
-9.944714725078346654e-03
-5.123579249269273259e-05
1.633805294150908927e-04
3.946110915252689516e-05
3.385360664429566723e-04
-3.724235701005759410e-04
-7.170270941667025028e-05
4.654631810844635036e-04
6.613710455850027939e-05
-1.219722295754543809e-03
-4.612070321918340958e-04
