9.723392442033708394e-02
5.165000933957088203e-02
4.230948705702832630e-02
2.748939133108792635e-02
4.222774400330502748e-02
9.565973863699113455e-02
2.742142134991721464e-02
4.224168551726131815e-02
3.185820055085458041e-02
3.636686009624068988e-02
4.645694853914669742e-02
1.635110023060394255e-02
3.634114237176661044e-02
3.175991746782372976e-02
1.614648909892863957e-02
4.636593787483735130e-02
1.622908015739328927e-02
4.602516791418216624e-02
3.631769521673916534e-02
3.921127511787021042e-02
4.593344971800526061e-02
1.613717066050623927e-02
3.918873851028517596e-02
3.628316757038408530e-02
2.738499050267097570e-02
4.853237678335580590e-02
5.020669144078818841e-02
9.644172918388579929e-02
4.848030713896618604e-02
2.732814114380627962e-02
9.643348085976767570e-02
4.384591699945515619e-02
