9.734487969404359564e-02
5.083698638607130060e-02
4.262704427839715537e-02
2.606147981337027936e-02
4.265449891404211186e-02
9.812244008525557171e-02
2.597369590227375027e-02
4.260772922916954836e-02
2.984062955202775036e-02
3.785566024388613282e-02
4.682855888679941098e-02
1.705854498042879905e-02
3.789881633696935703e-02
2.977957129989532159e-02
1.699384184216832377e-02
4.657896780972210077e-02
1.704391842942170471e-02
4.677522883292865863e-02
3.796049904819227133e-02
3.911920335301218021e-02
4.665085740392221902e-02
1.715262770836990108e-02
3.910527281380450637e-02
3.784643677508480603e-02
2.606137273708023644e-02
4.980884497927504095e-02
4.991514323091156974e-02
9.783806140136715179e-02
4.972974522288670096e-02
2.602235103319064033e-02
9.739035763575103199e-02
4.366687715736550929e-02
