6.198798106758369444e-04
-9.802459572149418358e-05
-3.395812443141639925e-04
1.042872555745792131e-04
-2.413167449968450220e-04
-1.669896611066708279e-04
7.102764562581608378e-05
-3.780194449755425786e-04
-1.332846468826177571e-05
-4.085688390925036861e-05
1.640032543810321570e-04
9.778188908791170947e-03
-8.889040250232518208e-05
1.027273506004225725e-05
1.010390578662146051e-02
-4.141990013602685021e-05
-9.650837434690884634e-03
1.033437111637752515e-04
-5.436542751307148511e-05
1.736559072591015488e-04
-1.295197446058997024e-04
-1.001512434483523527e-02
1.649996469007883998e-04
-8.997822542997642827e-05
1.019951880990847853e-04
2.987269756602637337e-05
-6.306952376608157421e-04
-5.061533094078666953e-04
6.583368892232038664e-05
1.096657025333752254e-04
1.453553598464277002e-04
2.895216847398623537e-04
