-1.017776435247166184e-03
1.705290127730086367e-04
2.165443188882415157e-04
2.877558312302871285e-04
-1.579714403257636939e-04
5.930936724758926202e-04
2.432386179111399301e-04
8.872548280995003482e-05
-5.898944550506576102e-05
7.661946704080358243e-04
6.273649370272608430e-04
9.681945976581887367e-03
7.410778990232794660e-04
-1.160923531172762633e-04
1.001275249629728775e-02
-6.001588690443250508e-04
-9.648874420055250992e-03
8.649694514124950493e-05
7.902656476934592604e-04
-5.395146650229272955e-04
1.046721466602984924e-04
-1.010902410803595983e-02
-5.623800815414678250e-04
6.466519163004820362e-04
3.079648354115072052e-04
-4.570345757597484059e-04
-2.247373993671952655e-04
1.571448825570160196e-05
-4.392730065777854698e-04
3.995364967181081915e-04
3.899342719689225184e-04
3.387039736139415159e-04
