-1.531085783313240615e-03
3.601204552905529406e-04
-2.186783767676983686e-05
-1.653991167583999250e-04
3.656681337239319754e-04
-1.479744330827164559e-03
-1.214370096114912866e-04
2.751959306389483001e-05
2.876239657712586812e-04
-3.658466952721923788e-04
-1.513746437125262803e-04
9.771888812627867182e-03
-3.986093176089916968e-04
3.015583774255283325e-04
9.929767920176114926e-03
5.280520530729948840e-05
-9.537420895187198253e-03
3.053399769137277674e-04
-3.942498450510081181e-04
3.277915846826045436e-04
-3.680879948308775763e-04
-1.013578726507730933e-02
3.530931587105571364e-04
-4.481069162142705038e-04
-1.615428916427918331e-04
-5.198488823283881481e-06
-8.343870906769809443e-05
1.313895572051535302e-03
1.454017682377882777e-05
-1.940991895140511665e-04
1.735033329962082588e-03
7.876863904179423398e-04
