-5.566921469123460196e-04
-3.647638988886652066e-04
3.827380114765246261e-04
-1.847893076363217807e-04
-7.359988367512602632e-04
-3.852703140908854103e-04
-1.624113309796708631e-04
3.811117365830755705e-04
-4.328359696061458601e-05
-7.805075929259547263e-05
3.224904110986187805e-04
9.564025189718073153e-03
-1.129809810227574876e-04
-3.558690176315239170e-05
9.858358252301814215e-03
-3.105567794509640311e-04
-9.555573002899457949e-03
-2.531106402524034159e-04
-1.141995439168201620e-04
-2.695053587452478795e-04
1.860710895307075559e-04
-1.020631751412924906e-02
-2.564723721786327411e-04
-1.249423380730274829e-04
-1.160625380103617264e-04
3.181818672328190267e-05
-7.843229528760079731e-04
4.223314332588906975e-04
5.762634878493754344e-05
-1.621994062223417854e-04
5.410110803011850683e-04
-2.835047383419013055e-04
