9.755127587714577681e-04
5.077492729520828585e-04
4.299622196203117786e-04
2.603484501248212951e-04
4.249792626327082495e-04
9.583457639186231157e-04
2.593871142863438724e-04
4.306772309774255778e-04
3.027061844451375740e-04
3.757994606417857405e-04
4.624940923394257452e-04
1.677192492106136369e-04
3.748689976816089206e-04
3.022019261662292015e-04
1.683194464001824700e-04
4.619011215783562366e-04
1.680997264728962756e-04
4.746851117878746651e-04
3.755551258497803768e-04
3.907108407553375336e-04
4.738934803479459058e-04
1.678829937691467559e-04
3.901693298789418144e-04
3.746263129975094491e-04
2.590631039942526315e-04
4.959855646062900003e-04
4.970485474761947384e-04
9.760052094790823592e-04
4.954540221044835980e-04
2.587204492974273231e-04
9.659370635784216529e-04
4.386342861019905436e-04
