9.645372452302981847e-02
5.170932612320386368e-02
4.273807595377831364e-02
2.681641695520038671e-02
4.255919620260403824e-02
9.624079814582774117e-02
2.676671474224015176e-02
4.276874017207474982e-02
3.094408908022539678e-02
3.705941879744131806e-02
4.631565897664324111e-02
1.665352076893641259e-02
3.699796085253240913e-02
3.093172580707937921e-02
1.654470298653027555e-02
4.632796952942091345e-02
1.669320245208099837e-02
4.623726148832978111e-02
3.700607771248558275e-02
3.936725545854431740e-02
4.622564132717973256e-02
1.667452395081087807e-02
3.924305330365912559e-02
3.694413814705825583e-02
2.680629869101886290e-02
4.944328650881127385e-02
5.039500152578394593e-02
9.659829274873141247e-02
4.944942083637077906e-02
2.676446300725486213e-02
9.622913790118464705e-02
4.403694041964806988e-02
