-2.398086666672851429e-04
1.103610437858206601e-03
-1.838818506194068851e-04
-8.993165434689278130e-05
5.712766955857128456e-04
-1.955209348689782901e-04
-3.774784536799877086e-05
-1.473513321987774305e-04
-1.639378584431268717e-04
7.706557732572922356e-05
-8.904538962086711116e-04
9.423748731545673885e-03
4.125205133707546737e-06
-2.018843529121464942e-04
9.987364568968750897e-03
9.519279541893494768e-04
-9.581051543564358605e-03
-4.006561316514535131e-04
3.444074710091931936e-05
-2.504170163016509586e-04
4.078332378957884329e-04
-9.849945430415977740e-03
-1.820813584108909797e-04
2.126670913892825910e-05
6.826684231926529486e-05
-3.814396827262675200e-04
6.313328124354324793e-04
6.887214875697947542e-04
-3.302319717233112486e-04
4.958448242217422129e-05
-2.425438677850186059e-04
1.064305275269383658e-03
