9.641529305770437210e-04
5.132817239541040020e-04
4.212505566855634983e-04
2.627275653705320548e-04
4.313703493052856359e-04
9.446041960734742268e-04
2.628149111605956986e-04
4.203622567394106808e-04
2.961380675693353701e-04
3.704177975551799402e-04
4.628534986366777872e-04
1.714570933906212676e-04
3.712680111431917399e-04
2.954222405639042376e-04
1.721009244088500133e-04
4.631568122132808394e-04
1.715203537145444277e-04
4.782318007724310261e-04
3.708177971273936171e-04
4.010923119338830490e-04
4.778195875137428834e-04
1.725060542337650260e-04
4.002935761925216713e-04
3.705565114463647185e-04
2.619444134104498734e-04
4.925278329704752380e-04
5.068411412410098356e-04
9.561435206942740577e-04
4.922211023788174893e-04
2.615499296192486307e-04
9.652742092095546430e-04
4.389465315754204630e-04
