9.337472109744605474e-05
4.168721225166008033e-04
-1.975450917412910031e-04
4.218787323286686964e-05
-1.467029854968685649e-04
-1.211437207015752734e-03
-8.741274939188229840e-05
-1.670902352060058503e-04
4.730459739635712603e-04
-5.167597216945265040e-04
-1.522664974396567518e-03
9.414341200305808080e-03
-4.594233194339539879e-04
4.459036786659860288e-04
1.012589393229515640e-02
1.388642193672658034e-03
-9.803653515540491220e-03
2.179232625374348398e-05
-5.264091678574870595e-04
2.914088569725847453e-04
-1.494447718083268179e-04
-9.935444358048389421e-03
3.700802885545267972e-04
-5.744748062657382580e-04
-4.763627230506193140e-05
-3.816194211852823770e-04
-5.191350982598881504e-05
-4.525888350976542879e-05
-3.352094675701892674e-04
-2.221868836816911323e-05
1.104330814416696997e-03
2.806530340253203873e-04
