-1.135219352380356476e-03
-2.051849675797944296e-05
1.016033941111569948e-04
7.031090485198769927e-05
-5.724377344951457700e-04
-1.832422529803490630e-04
7.262809626013316171e-05
9.588040173336359953e-05
-2.681925108628175941e-04
2.718391972066047354e-04
-3.076551973358474727e-04
9.912339679803046366e-03
2.793024477068487433e-04
-2.653253902046712122e-04
9.852894119031426270e-03
2.625917808320557046e-04
-9.464308656861429234e-03
-6.347614591221801238e-04
2.605500266339742322e-04
-3.078311144689149792e-04
6.169189840014789768e-04
-1.029764640229722389e-02
-3.693205577450697145e-04
1.487512674732162094e-04
4.920805987631364487e-05
-1.103823260007737948e-04
-5.118167550148422116e-04
1.263132050301765934e-03
-1.805671754730379496e-04
1.372509834737431467e-04
2.529786937285316540e-05
-5.899406677338786266e-05
