9.738423554398004112e-02
5.097490098480482457e-02
4.236359366661772430e-02
2.647936129048836934e-02
4.285396745648739625e-02
9.726128710396196586e-02
2.646360831496243071e-02
4.232043858513043905e-02
2.949365864297050221e-02
3.767532546760204992e-02
4.670105035315184200e-02
1.716013795148998641e-02
3.754137133286362948e-02
2.944161452012960742e-02
1.707158999850402759e-02
4.649617350458333520e-02
1.719442035352710188e-02
4.671806319028233567e-02
3.752548964405266751e-02
3.921493513642429485e-02
4.664201145943693005e-02
1.720441704083251061e-02
3.915360929969653042e-02
3.750089716540690177e-02
2.629961497682294785e-02
4.918993920592147628e-02
4.984108113255034805e-02
9.652151614469027530e-02
4.922086467798836990e-02
2.634965368858688609e-02
9.784787139738052031e-02
4.410057003823743965e-02
