9.735658426692923861e-02
5.188848953178131634e-02
4.305251576975935301e-02
2.634362102116935556e-02
4.350585329625718950e-02
9.780389927468030598e-02
2.626886264236354476e-02
4.300715135771321362e-02
2.962471106459335993e-02
3.781196334488982208e-02
4.650580546495911710e-02
1.718451366952243251e-02
3.776622564080312633e-02
2.953065524573199666e-02
1.699147651785070171e-02
4.643845859860583347e-02
1.702230790395137597e-02
4.661749792738287268e-02
3.784257416626960607e-02
4.027792104990940425e-02
4.666092060954037807e-02
1.720206147910042019e-02
4.022076759147183433e-02
3.770993053550265872e-02
2.620894339064392189e-02
4.994209553018474218e-02
5.100420618311277132e-02
9.779895321144552178e-02
5.001440602494819365e-02
2.625382569750353556e-02
9.793446069083412697e-02
4.448315982795503915e-02
