1.006493816787674186e-03
2.014372639691353644e-05
1.027713194902594041e-03
-2.498326898108023538e-05
-1.967154505670615011e-04
9.969811849427803567e-04
1.488638423208771182e-05
9.979773021585877993e-04
-4.329751737901333742e-04
-3.288908414163827258e-04
-5.490413887014585024e-04
9.538739129495633906e-03
-3.687165049319271600e-04
-4.085283938006698781e-04
9.937692244827876428e-03
7.662894713684299331e-04
-9.693738468655116805e-03
1.039473120692197217e-04
-3.424205395279974920e-04
-4.622424836593516878e-04
8.992989174190592607e-06
-9.947971506377786821e-03
-4.848764569373608573e-04
-3.520581171954579648e-04
-3.338130775928490539e-05
6.231030595532328561e-04
-2.821830904945394117e-04
-5.976645007906022673e-04
6.671729661331645203e-04
-3.596217295851727173e-05
-1.428989399269272025e-03
1.689224222335363357e-04
