9.604570671832534908e-04
5.143589515404444444e-04
4.355880883829033631e-04
2.613698346221066267e-04
4.257675646169402969e-04
9.600857185502711033e-04
2.605809574682037364e-04
4.355140054273564450e-04
3.004839821915370759e-04
3.761235917528375034e-04
4.643172468360912868e-04
1.675446294795335147e-04
3.758145933585770927e-04
3.002335354649050651e-04
1.680132667677444291e-04
4.643860216218778539e-04
1.689286106335013840e-04
4.654041844953242285e-04
3.756475056536392435e-04
3.895671942400634382e-04
4.642500527550269995e-04
1.694195618020616031e-04
3.894983107057389186e-04
3.754981472207809105e-04
2.605830087670993464e-04
5.001436397916842434e-04
5.021287642073871647e-04
9.686156498943457316e-04
4.998188195607953859e-04
2.604887734045435504e-04
9.590460274819067980e-04
4.397991485818509194e-04
