9.868821354591297140e-04
5.225507283532184388e-04
4.195412964479113037e-04
2.779048344111347923e-04
4.282860602693193191e-04
9.768585464773023655e-04
2.779042239687845323e-04
4.186972111503469828e-04
3.159246259149382937e-04
3.643132637173562816e-04
4.643667018131748684e-04
1.614228188563461336e-04
3.644258744126373305e-04
3.146391052478163968e-04
1.603015575020468693e-04
4.647671386943533016e-04
1.598072824386616612e-04
4.623579016763926133e-04
3.646955465956597969e-04
3.968659835931258274e-04
4.605610575585070707e-04
1.604161342382629787e-04
3.968759119314979643e-04
3.638917344115405635e-04
2.779242141390809019e-04
4.787152902984283080e-04
5.081546127592702182e-04
9.859682655556762342e-04
4.788828758874089076e-04
2.772919956535371952e-04
9.790574633997939889e-04
4.450929377039537782e-04
