9.797966040733194215e-02
5.099331479366059350e-02
4.144899673417289793e-02
2.641476513731862152e-02
4.282546688843717059e-02
9.716163612442489661e-02
2.640724671810619484e-02
4.139980235450255869e-02
2.919273810142773359e-02
3.673647022372855675e-02
4.674580853324648844e-02
1.728931037628237549e-02
3.668475333258505722e-02
2.915016243210375238e-02
1.706877252003207238e-02
4.669579158018719034e-02
1.730004974042143387e-02
4.635052189017718760e-02
3.672954346255550423e-02
4.017709396278662526e-02
4.645450509791704957e-02
1.727450066830327202e-02
4.011288015706864635e-02
3.671655444192572365e-02
2.623272297456257993e-02
5.010039220979625035e-02
5.041739584280313657e-02
9.753867051049434911e-02
5.002453268283463261e-02
2.627039418193725245e-02
9.716652511485532329e-02
4.352915340458069632e-02
