9.771799296281197256e-02
5.096078118473699320e-02
4.139441553030498433e-02
2.659898256109769279e-02
4.302325455860567249e-02
9.840717735623029372e-02
2.650672901945672066e-02
4.136820178721683366e-02
2.907730756472504813e-02
3.646632739374470328e-02
4.672467337506986534e-02
1.726097084116437128e-02
3.643303895653749597e-02
2.905227644873198400e-02
1.723976410180409063e-02
4.680325860467931393e-02
1.723990499857346731e-02
4.775974816399834039e-02
3.643220278974061699e-02
4.048377858189318446e-02
4.766736894237697669e-02
1.732351893037144958e-02
4.043157556363220773e-02
3.637544452025641417e-02
2.646245970909937018e-02
4.966671364235657887e-02
5.060381388139853498e-02
9.787073860625175592e-02
4.960563090724619956e-02
2.636478299047577065e-02
9.946399816143824957e-02
4.330612430031129806e-02
