9.883113878081828396e-02
5.219735459614221335e-02
4.193846147567353161e-02
2.743276041043955088e-02
4.309956688472024733e-02
9.763415876744692412e-02
2.747759039837414582e-02
4.184277662400676806e-02
3.205005608551652480e-02
3.648759112899322560e-02
4.636646158251465921e-02
1.629425325006472400e-02
3.651560349398614430e-02
3.208340932080179508e-02
1.619345491639506696e-02
4.629556237053476103e-02
1.634563804093397757e-02
4.607295298741117401e-02
3.647038760595853329e-02
3.996774424671050568e-02
4.598570065589945022e-02
1.645939611612485740e-02
3.994481743186437117e-02
3.646423247257532529e-02
2.741907859290791324e-02
4.825809118577659845e-02
5.097067931739731467e-02
9.809993465254340794e-02
4.823085834192247096e-02
2.725909929799939097e-02
9.870256501763606527e-02
4.453870461428513505e-02
