9.679982611188024666e-02
5.101104577444050270e-02
4.314945619759753132e-02
2.610208120835761161e-02
4.278380689928099057e-02
9.660951081943720820e-02
2.603832798057198472e-02
4.314339339635563791e-02
3.019856461478277743e-02
3.775373707640707066e-02
4.665436719820433703e-02
1.688032303432183620e-02
3.773684098064063880e-02
3.010178451441804931e-02
1.688356095939712309e-02
4.648315499314412819e-02
1.696906104411455285e-02
4.676079999712352830e-02
3.763316131533010062e-02
3.937237961557613075e-02
4.664629633945824999e-02
1.705864089342886900e-02
3.931499331072131620e-02
3.756906422063258089e-02
2.596114669051443127e-02
4.983931062369672399e-02
4.989150961161166464e-02
9.627161139700148029e-02
4.982147383170958121e-02
2.595111550917207632e-02
9.697099459554921197e-02
4.388205550661036791e-02
