2.816076740394321955e-04
1.289097073790597013e-04
-2.072888030871752635e-04
4.255424380954717643e-05
-3.395438771121300900e-04
-3.935075790012293657e-04
3.260835566908647806e-05
-2.556046471533431627e-04
1.584738623930412142e-04
-5.900061544093399305e-04
-1.313923152810025365e-04
9.782121948424871150e-03
-5.270650693428136730e-04
1.610926214236720099e-04
1.003759291977111140e-02
9.079987840848637980e-05
-9.589213484100031840e-03
-1.653909828512526283e-04
-6.214041056842342474e-04
3.452120516710182815e-04
9.143234251307420595e-05
-1.016737955860291982e-02
2.997265543073768506e-04
-5.722795335734440821e-04
9.362724298611232695e-05
-2.269295683665388736e-04
-2.620157968850165696e-04
4.070548303389906627e-04
-2.580445995518859193e-04
8.407880651621015727e-05
-2.367516119166211848e-04
1.233624761301775911e-04
