9.608577293025024691e-04
5.129779311393142718e-04
4.248103052682034226e-04
2.662854628015233439e-04
4.286045234215624046e-04
9.612905902381991977e-04
2.663793197920272422e-04
4.242060599131462187e-04
2.971704484622913122e-04
3.835725158394705236e-04
4.650680330748218662e-04
1.687697724813516545e-04
3.823092878722905144e-04
2.966626874386244167e-04
1.690672225755007676e-04
4.651150398578061777e-04
1.706848125604499633e-04
4.679393723277069212e-04
3.820404090003159774e-04
3.958311383508123860e-04
4.677480037896939629e-04
1.673691670873091609e-04
3.951979990740082200e-04
3.820804646290450104e-04
2.660947676402275648e-04
4.995719959517854305e-04
5.026254256707144222e-04
9.580554708072970939e-04
4.992950334638256464e-04
2.647375028296899643e-04
9.594190053266930633e-04
4.397819951599884146e-04
