9.815142048799242736e-02
5.127997139522993270e-02
4.288309872862607758e-02
2.611912152212476218e-02
4.258543324380089506e-02
9.745513148533302417e-02
2.608221650180170270e-02
4.282490014935230044e-02
3.023138581018972038e-02
3.773291178285650971e-02
4.665296833948462396e-02
1.680919205140452705e-02
3.768660963620126814e-02
3.027288106878454899e-02
1.675332129364389550e-02
4.656299821842738856e-02
1.694500143814374124e-02
4.683884719209333719e-02
3.758723944293784064e-02
3.891320890583911674e-02
4.672635094099825137e-02
1.676228408216477034e-02
3.885648901605215366e-02
3.767473875201677452e-02
2.596696133349045768e-02
4.960503463924255396e-02
5.028606103678603251e-02
9.854117100201681412e-02
4.949067836632610462e-02
2.588798185889685383e-02
9.686293736382174668e-02
4.372842776740817200e-02
