-3.668454857467362659e-04
4.256467517007726017e-04
-4.172503175027791455e-05
1.141778000563669558e-06
-4.563970924760835817e-05
-6.556274850196286159e-04
2.394928473284900364e-05
-2.472320444275051662e-05
-2.935598006212862131e-04
-6.892732438313683031e-04
1.315428957495364025e-04
9.472036717800792413e-03
-6.841657058397341337e-04
-2.549583082875312530e-04
1.018545912225512357e-02
-3.291811859154024356e-04
-9.748375728642148449e-03
2.522259343525977117e-05
-7.242170965740680599e-04
3.617934479499887446e-04
-1.997826982758821226e-04
-9.879880306438890494e-03
3.158606101295847687e-04
-7.772522079174981917e-04
5.639114254233406885e-06
5.016652468369032277e-04
6.418074420056597102e-05
6.957390022609620485e-04
4.355861189960902845e-04
1.005283679393322244e-05
3.598781928158421763e-04
4.269138118031641439e-04
