-1.874512757831768583e-04
1.959359168082170993e-04
-1.396976433736450641e-04
-4.648389541266995475e-04
-1.406378002001488342e-04
1.029665029769881332e-04
-5.604222437059265148e-04
-6.201048632578793349e-05
3.521278208761656643e-05
-5.281301256085997207e-04
-5.240122612288292819e-04
9.431937302285210364e-03
-5.583910551934648031e-04
6.630069808837624798e-05
9.969683962213584869e-03
5.612073143318927447e-04
-9.537012249271226150e-03
-3.788907965644706336e-05
-5.406777691386560180e-04
3.746631091701966058e-04
5.437789615887865665e-05
-9.867986670833486448e-03
3.274888011866627143e-04
-5.303371103282597402e-04
-4.292580830334818531e-04
6.040649703453731395e-04
-2.347827943650078301e-04
-1.997247123372951350e-04
4.995548114066013408e-04
-4.341704283065370455e-04
2.647498112618399822e-04
3.419197889601823860e-04
