9.663787640606771910e-04
5.136831376292776792e-04
4.285494549808153042e-04
2.626478975755766566e-04
4.264089515311662794e-04
9.720102291765058290e-04
2.626081374108502802e-04
4.285578319313683958e-04
3.074508459402348730e-04
3.644284252622770814e-04
4.642871061996665960e-04
1.654634567291220497e-04
3.638441547829123390e-04
3.067475538566551011e-04
1.652389610823570148e-04
4.635634522242492112e-04
1.642088567594171523e-04
4.595674061449401345e-04
3.639145609500331270e-04
3.883798243328312732e-04
4.577235925573173362e-04
1.664806803051035024e-04
3.878591308536885628e-04
3.631832659558931003e-04
2.615426471829606758e-04
4.946420359982116799e-04
5.000936437070794584e-04
9.790801064165244750e-04
4.949077702159803468e-04
2.610972258396704890e-04
9.551576801760404802e-04
4.427440922011115069e-04
