9.684695807166505618e-04
5.083384281388410005e-04
4.164770838437865724e-04
2.686415136563691936e-04
4.292416349448418406e-04
9.768045734158067612e-04
2.684510463643052531e-04
4.159595670890840584e-04
2.919324830966422892e-04
3.701411849964381909e-04
4.681502295296005351e-04
1.719688455172245034e-04
3.697641354292044370e-04
2.913321206946070815e-04
1.702400547029085675e-04
4.673069957415955291e-04
1.720393249534355221e-04
4.765921967643759177e-04
3.703390640187201950e-04
4.039221903981223168e-04
4.739746837367302644e-04
1.714377398838671780e-04
4.036011880861552258e-04
3.696693618697183140e-04
2.683585309078850454e-04
5.012690602269171368e-04
5.049338107445003419e-04
9.687564946429957045e-04
5.014338261914722461e-04
2.680945678618270852e-04
9.801321203933763531e-04
4.330481480734057554e-04
