-3.805747226798102736e-05
6.009233171697224039e-04
-6.037340543237477335e-04
-1.883614534632813709e-05
-5.145574876800929369e-05
6.793674227721112130e-04
3.182028808343327191e-05
-6.029678946814652409e-04
3.833399715761191015e-04
4.938074263608308338e-04
1.777338063206559287e-04
9.408982189413822930e-03
3.914974486116345304e-04
3.799889895721890519e-04
1.002740683293463185e-02
-2.451854159670425267e-04
-9.766686850023598501e-03
-2.266885629738333333e-06
4.657392440752117094e-04
6.385032567518043422e-05
-5.657791970069016828e-05
-9.734463804004485007e-03
3.165439670630905715e-05
4.582666421790393624e-04
-6.036870923361027213e-05
-8.192404231147843623e-04
-2.487572791786964540e-05
-4.254181318803166158e-04
-8.218787156492879387e-04
3.400283179816089167e-05
-1.264773434697699075e-04
5.704139241629412440e-04
