-4.293442165667525016e-04
1.106597002599475068e-04
8.004849791913733453e-04
-2.046340606174274656e-05
-3.882331619829749200e-04
-1.399274359048015325e-03
3.148416683317010740e-05
8.646422063304697384e-04
-3.288530009609442594e-04
-6.983852462403317162e-05
9.685188922313391307e-05
9.854429672146005140e-03
-7.889223262341598915e-05
-2.961544277484992973e-04
9.902570180152834786e-03
-2.822006607360785639e-04
-9.574213036813779276e-03
5.861032392198938217e-04
-1.066602376135875367e-04
-5.968317365593515207e-04
-6.885717419618651207e-04
-1.013709497162605319e-02
-6.272040290225153148e-04
-3.222519915834615688e-05
7.395731146231005501e-05
4.256063279921474705e-04
-2.678151012896809306e-04
1.141710284501672211e-03
4.405825139971670037e-04
2.388500490052638397e-06
6.790408331298328128e-04
7.675930019611463141e-05
