9.751119862672444349e-02
5.136292069366641538e-02
4.246200306980799782e-02
2.614882544632496017e-02
4.330842945506381547e-02
9.646360236905428265e-02
2.610962030215588370e-02
4.238109503487738627e-02
2.972545451940289754e-02
3.720268370026554028e-02
4.637657578153256410e-02
1.675852280520444271e-02
3.713986104390524373e-02
2.968628174360694871e-02
1.669333442039911547e-02
4.624123885097860404e-02
1.703782443862632626e-02
4.619095246238990454e-02
3.716936046181191361e-02
3.924069222397369439e-02
4.603531862117030832e-02
1.678352388052381169e-02
3.916489936998577420e-02
3.715373915827506479e-02
2.604749650217092621e-02
4.859383951576928123e-02
5.037467688407151756e-02
9.777074127450961771e-02
4.860012150927572189e-02
2.605752295979929870e-02
9.642616459112464400e-02
4.439475836533794684e-02
