9.683605910808214734e-04
5.129350845866649912e-04
4.283012771632914678e-04
2.626737047723780413e-04
4.278764206306225038e-04
9.647865252630902135e-04
2.615914395817157370e-04
4.271083305132655100e-04
2.965674435247860389e-04
3.783412622896621864e-04
4.672524694592017965e-04
1.702187619386501694e-04
3.776348845030692673e-04
2.960481407980698537e-04
1.708076105396230421e-04
4.680590080123766226e-04
1.711099729325389954e-04
4.721992544723491950e-04
3.769908474119209696e-04
3.962885210631495077e-04
4.731412496524329517e-04
1.690192813049561516e-04
3.953301795163054102e-04
3.774379624675740078e-04
2.614048625935952051e-04
4.991231260413526733e-04
5.041584035632413032e-04
9.686813533857341861e-04
4.987358087226284034e-04
2.608058765409808247e-04
9.635021610117175004e-04
4.381122871196083037e-04
