9.758620935400923180e-02
5.209336310232035722e-02
4.230349803370457573e-02
2.782150751847527886e-02
4.274223996163582090e-02
9.776877097862941846e-02
2.779042011767204542e-02
4.230376608158781943e-02
3.250690934977350233e-02
3.583627353224327905e-02
4.645041487213072418e-02
1.625942586358225181e-02
3.578309779774593163e-02
3.258838802956276481e-02
1.614847835891651193e-02
4.638086191609275266e-02
1.623627934452726365e-02
4.556713532823602336e-02
3.583530708137640242e-02
4.081047208316347652e-02
4.540803345297348553e-02
1.630863320508538564e-02
4.073535982705701192e-02
3.581427138718001196e-02
2.779499715529250639e-02
4.843519717463554142e-02
5.075968074066750796e-02
9.753784827159904525e-02
4.845329237081634488e-02
2.768939442912461690e-02
9.734353248134006154e-02
4.430432639272352535e-02
