4.619981559045965012e-04
-2.365313091111806920e-04
-5.838543153814577090e-05
4.379994727716768203e-05
-7.604306827496744867e-04
1.298216625233457495e-03
1.888728654681569283e-06
-4.573949418156779553e-05
2.173703109726505308e-04
-2.757294847527815850e-05
3.992133891758861122e-04
9.895086682755602908e-03
-3.041693236053219902e-05
1.542638988073196380e-04
9.831441110973636321e-03
-3.794805231800008603e-04
-9.344436444994613442e-03
2.869235021798485579e-04
-6.554735687037086141e-05
1.151959529134117768e-04
-1.988211935305321618e-04
-1.027457417288380782e-02
1.609397959120608930e-04
-1.089700823766446446e-04
7.012379280025603299e-05
-3.758637033364356853e-04
-1.041326579973149121e-03
-7.219342563921224074e-04
-3.792692385231764200e-04
6.691279473028377816e-05
-1.074552817165951545e-03
3.013305720377809234e-05
