9.815908967748983305e-04
5.212048712816961431e-04
4.135386880369369103e-04
2.758996117370879288e-04
4.264933895036386092e-04
9.624002959740871185e-04
2.748836500760875961e-04
4.135352223603911445e-04
3.256150565487130511e-04
3.585336558806389890e-04
4.582613387980068024e-04
1.593812788627979495e-04
3.583644766513478536e-04
3.253026066782629348e-04
1.598437540727703251e-04
4.576028884552698446e-04
1.617800761957159010e-04
4.592496384492985358e-04
3.582173489842432261e-04
3.996289580079836145e-04
4.595056360332361420e-04
1.577038551617685239e-04
3.988432815430408506e-04
3.584069160506823276e-04
2.744385735675795033e-04
4.859149305373337076e-04
5.072907488206880502e-04
9.756272482135128557e-04
4.845475573956609799e-04
2.750578383737861850e-04
9.685807562147170664e-04
4.428166781733623128e-04
