9.609252197558204806e-04
5.060820470934183956e-04
4.285647523118042007e-04
2.624866583547258046e-04
4.236095110651892214e-04
9.643003097573582929e-04
2.618090985860147858e-04
4.280198607045626580e-04
2.986596576771562259e-04
3.781019881844239821e-04
4.663619747057132659e-04
1.689167740470134363e-04
3.782125707170000298e-04
2.979461866979251283e-04
1.671208831321973210e-04
4.665021951249289506e-04
1.682004158868760939e-04
4.695165527558239774e-04
3.787312702427428324e-04
3.940765608926404787e-04
4.694029738765798597e-04
1.685885077918280691e-04
3.934695451730634550e-04
3.781154709769344213e-04
2.623853277147200147e-04
4.930837563918487407e-04
4.950133934120619188e-04
9.621370393524724058e-04
4.930248623491942242e-04
2.621080440676942010e-04
9.708906309820707070e-04
4.348795430378066111e-04
