9.671786456413131606e-04
5.242034114190370717e-04
4.028743789799221027e-04
2.904627646532764729e-04
4.282373373187730518e-04
9.901310645118448651e-04
2.906446916489321421e-04
4.011322775289693230e-04
3.388350661886260903e-04
3.456779808938084154e-04
4.583486207267396177e-04
1.560780191038752798e-04
3.457884876013314667e-04
3.383668674181155179e-04
1.573828583892786486e-04
4.562760454683589297e-04
1.547210008831978098e-04
4.588823114784078738e-04
3.455594440048680312e-04
4.113507795448323283e-04
4.574888539101670034e-04
1.578396493312473042e-04
4.102808863793451478e-04
3.452775814340190491e-04
2.903721012375055791e-04
4.656255934340826374e-04
5.093362165932387772e-04
9.765860790767581529e-04
4.654122515505697711e-04
2.893468445518170484e-04
9.852918869582235652e-04
4.464005085428065611e-04
