5.591510158915900461e-04
-5.677627359302961710e-04
-1.396919126703689688e-04
-6.595460661898315329e-05
-1.142794924443429720e-03
9.643202216230847487e-04
-8.401222664052962106e-05
-1.652654181713304055e-04
-3.362859702919480487e-04
1.988316014973062892e-04
4.980354149330919796e-04
9.638354716455981366e-03
2.853605463701160529e-04
-3.090025290962400807e-04
1.001963537014297079e-02
-5.133881949978683686e-04
-9.541648546181162593e-03
1.084727856722383286e-05
1.325351619948946891e-04
-3.682665168664560080e-04
-4.369994733215228126e-05
-9.992599925416957921e-03
-3.866298943742208297e-04
1.654830261971598532e-04
5.387895823316312066e-05
1.986633011029252996e-04
-1.138542597664918624e-03
-1.410090968983098315e-03
1.301683676343898678e-04
4.144443065254424302e-05
-8.937898514719623858e-05
-6.254963227562255167e-04
