-4.914242983093085326e-04
3.195944261575027088e-04
2.623209407411515050e-04
3.679465385717383850e-04
-4.084474582734912997e-04
-9.139210896618243452e-04
3.457084817120432648e-04
2.329002758445114269e-04
-9.759178674488987908e-06
2.691109089482568003e-05
-1.395647632817941680e-04
9.641656856842394097e-03
-4.941723052262399105e-05
-5.579254939687854672e-05
1.007588201965849313e-02
1.231648866785704528e-04
-9.754227627915243101e-03
8.661656301183374369e-06
-9.064185552741909203e-05
-2.157958442009767731e-04
-1.149944062520895694e-05
-1.009183059207371252e-02
-2.152578278662293208e-04
-6.519040539139977488e-05
4.496234840346517844e-04
-2.521273223796775798e-04
-4.033010624146430678e-04
5.605730885363879932e-05
-2.518057406115343589e-04
4.276386595900575813e-04
1.294271023493101178e-03
2.568612453447975848e-04
