9.611079427228874650e-02
5.117793845644115491e-02
4.320472548039905325e-02
2.608339902701731217e-02
4.265852939272871819e-02
9.546522084945210929e-02
2.605271015635285403e-02
4.319580247823023161e-02
3.003959688612062306e-02
3.773466129525680085e-02
4.651499212811024270e-02
1.693701865274655632e-02
3.771298680196965430e-02
2.999791109592905500e-02
1.690640672151590140e-02
4.638647756873201522e-02
1.697593335307386042e-02
4.680777188849166021e-02
3.772540609217003155e-02
3.943693095240220770e-02
4.661004021773688943e-02
1.686240778920270258e-02
3.937532355299644404e-02
3.767699119544035830e-02
2.598607445231281704e-02
4.931154537624635181e-02
5.008547062030918595e-02
9.565801054450225049e-02
4.928135643675560923e-02
2.589554107093795798e-02
9.591534960916803243e-02
4.403074828673119584e-02
