9.635937488629097271e-04
5.073581639684280990e-04
4.087730819976222044e-04
2.701025473461432188e-04
4.281781126662122759e-04
9.769836605264866497e-04
2.700017575258210618e-04
4.087362503200724887e-04
2.854782433520021575e-04
3.637070751916155809e-04
4.778247257893747922e-04
1.702802967336932837e-04
3.635577794133726306e-04
2.848874756896630596e-04
1.718715968681947968e-04
4.772270232977662125e-04
1.712883546507236010e-04
4.769263229301422291e-04
3.635871258536124847e-04
4.008526434509412277e-04
4.752786260757107368e-04
1.723398191524765403e-04
4.006381316762384166e-04
3.637067775475517255e-04
2.694110578312974217e-04
4.916429827213785906e-04
5.043855262012399056e-04
9.623788617518681679e-04
4.911904094671983934e-04
2.696671118474498860e-04
9.701123320226960915e-04
4.315478411165773283e-04
