9.043214046512568693e-04
-2.634491987921563113e-04
-5.138220618597359084e-04
-3.163812792586159252e-04
-6.441415400490636128e-04
-8.533295390714984874e-04
-3.644381791122481141e-04
-5.309616773476505576e-04
-1.106842744087166148e-04
-1.154214711706883536e-04
2.238619981671873091e-04
9.755983918458445772e-03
-1.543609466767339853e-05
-1.534354669808109240e-04
1.006851551219378749e-02
-2.199168950359179254e-04
-9.620474044094990199e-03
1.043317092081859918e-03
-1.312062595029537702e-04
2.293530451389081391e-04
-1.026093238001728842e-03
-1.008154925085756083e-02
2.369106636662905772e-04
-7.479718769600882317e-05
-2.482102964157464507e-04
2.110887071825948548e-05
-8.118677985626411141e-04
-1.187505601360573908e-03
-4.147008959637133878e-05
-3.011013228027884761e-04
1.080718426830693446e-03
-1.872808395364404846e-04
