9.661621346841232916e-02
5.149127685570303870e-02
4.228804859756074563e-02
2.677329941585713385e-02
4.245524995039511029e-02
9.645186677864600600e-02
2.661924845656918337e-02
4.227903690287691113e-02
3.100837816430760188e-02
3.726276976797492785e-02
4.672262239630926156e-02
1.649837391992666977e-02
3.726591911204683860e-02
3.093969794024893985e-02
1.647624066401742748e-02
4.662594886090380003e-02
1.652710759564548354e-02
4.657795831512290263e-02
3.725098377666691968e-02
3.870783103572725953e-02
4.665236235424011224e-02
1.667046095880639692e-02
3.867493496531177605e-02
3.724187543328467964e-02
2.665185603028669484e-02
4.934014213501024954e-02
4.989595485982769446e-02
9.690407236966483429e-02
4.926924789550790607e-02
2.672931510904385036e-02
9.621215244919512077e-02
4.407864794049925344e-02
