9.749398806254730128e-04
5.124385458640921430e-04
4.242231645636911725e-04
2.613059064536118027e-04
4.264687693500224339e-04
9.652063265229375143e-04
2.611292889643426610e-04
4.243118686618737928e-04
3.014436507578247232e-04
3.752631749335436995e-04
4.662571445927644973e-04
1.664788365051224003e-04
3.759437949833640256e-04
3.015908950765976561e-04
1.663739397340233052e-04
4.669935973309662309e-04
1.675821297640047673e-04
4.656012013948842253e-04
3.755316255986360660e-04
3.901478972602605874e-04
4.654285192719799513e-04
1.659164130647221042e-04
3.893122326333549104e-04
3.748038743889920343e-04
2.618456412574864263e-04
4.915177406509907507e-04
4.992453261266964438e-04
9.698577797437953237e-04
4.908125375465743944e-04
2.601999858680659693e-04
9.741675056779032634e-04
4.414347368132319981e-04
