-7.781259072982176840e-05
3.891875178527365894e-04
-1.678051241130108133e-04
5.461374430863185367e-04
2.480623924628269509e-04
1.278985391321858876e-03
4.830812067349568497e-04
-1.685617746412202973e-04
3.775587899066069404e-05
7.301607616866328089e-04
5.341284618275900925e-04
9.740846341676046016e-03
7.387049818647803108e-04
9.278383915544383164e-06
9.934843148710972849e-03
-5.609373146568770105e-04
-9.414176029299253790e-03
7.934066765022649865e-04
7.067929661737168022e-04
1.618593608524612033e-04
-8.309070657790096045e-04
-1.009967395890770149e-02
1.972146539407677195e-04
6.048812347433508811e-04
4.022474340164550449e-04
-8.065494459866156857e-05
-9.280343400885642695e-05
-9.962889414774302090e-04
-5.545734130476645979e-05
4.946201837428663853e-04
-1.197392412738951093e-04
6.701660192083046860e-04
