9.727375990209721768e-02
5.075956984246388776e-02
4.267841282662439284e-02
2.601952858107436581e-02
4.251322051836464722e-02
9.706643284838963048e-02
2.591388933601553382e-02
4.265880285436476904e-02
2.969843456052333880e-02
3.734497712308532807e-02
4.684167541112046335e-02
1.683207065106211153e-02
3.728739260011722928e-02
2.967437693922449563e-02
1.686708197928815309e-02
4.673990266048853870e-02
1.681703864955348335e-02
4.671361015689386165e-02
3.728472299124268446e-02
3.846675710084559996e-02
4.661005937815337202e-02
1.696339719414793196e-02
3.840397497575620545e-02
3.724230515431121991e-02
2.589810179579352459e-02
4.911618295531662570e-02
4.974325212128019591e-02
9.671884550195188057e-02
4.903361356046274933e-02
2.586854673735036747e-02
9.740742957937273405e-02
4.362914546446475250e-02
