7.112480987735719405e-04
3.617443410788746686e-04
2.787801122529324918e-04
1.823257593083158217e-04
3.076326199319244373e-04
5.762484328683173786e-04
1.827003148663241714e-04
2.872548558268068000e-04
2.045426992839626250e-04
2.774038702851863779e-04
2.984243831442245595e-04
1.306075027025971650e-04
2.807430057451615812e-04
1.998020776804103446e-04
1.175950218233304029e-04
2.830169175647202513e-04
1.357154709320902101e-04
3.420893675027419532e-04
2.714766776151063743e-04
2.753375048235961304e-04
3.368804587087145808e-04
9.948503937516390996e-05
2.738777455352133243e-04
2.738650931153788323e-04
1.802981150928273726e-04
3.389950712015246865e-04
3.767297703246942414e-04
6.844998800362489316e-04
3.231211436375323680e-04
1.765455242732383323e-04
6.905623266811312900e-04
2.987527329114790129e-04
