9.718185742115247050e-02
5.093046030046950029e-02
4.133820298795202325e-02
2.693872934897835122e-02
4.278830974602945703e-02
9.652858041836658021e-02
2.689701676015227028e-02
4.116744840756152157e-02
2.910873788900848400e-02
3.665783346629780670e-02
4.710751686652579762e-02
1.710733861872491476e-02
3.663814055910958462e-02
2.901649692197133534e-02
1.725492597221851138e-02
4.707803964638884731e-02
1.726536897204002802e-02
4.732209860190687151e-02
3.655065886016215654e-02
3.956308697622247517e-02
4.711372445173821893e-02
1.706097954539826517e-02
3.952091536860187493e-02
3.657819330850873435e-02
2.684558697024395577e-02
4.975363446689502755e-02
5.031312320115660652e-02
9.697140482253395477e-02
4.968840659902622192e-02
2.673496479275127083e-02
9.657341364130320183e-02
4.361898714858784137e-02
