9.620505255858934068e-02
5.150283479050422886e-02
4.314840236072548657e-02
2.630632956304920778e-02
4.336739807426048116e-02
9.789357001137344305e-02
2.627477198743015038e-02
4.316280251537205070e-02
3.023318683432879572e-02
3.757950367045704426e-02
4.626777176799025393e-02
1.692909397824394688e-02
3.753314484100059301e-02
3.018678747400265969e-02
1.702201446481003619e-02
4.649063116038844312e-02
1.707145097402223977e-02
4.626949795663459764e-02
3.758107365057004184e-02
3.923900865113535974e-02
4.622334369539393695e-02
1.709532193837366362e-02
3.916321623806089808e-02
3.744165271752931956e-02
2.629502027293486796e-02
5.066096729178017760e-02
5.045268105072907294e-02
9.722246330355903410e-02
5.062598058935749434e-02
2.620675561333431908e-02
9.695174656027771842e-02
4.457827206008275339e-02
