-1.269626731975497837e-03
1.455512830449159477e-03
7.633690276263547245e-04
-9.551542697516283661e-05
9.516511271154856448e-04
-8.074105294314626964e-04
-1.237802684840734989e-04
7.688822379351720280e-04
-2.384277399429069269e-04
-3.007997977051666562e-04
3.817436923450137653e-04
9.558313283846934377e-03
-2.785487168561057159e-04
-2.776224047853569185e-04
9.951698167077128315e-03
-3.854167296520235588e-04
-9.663704011480879139e-03
-4.622299046309210442e-04
-3.774271784264510805e-04
-3.732503709818509713e-04
4.792743446543187760e-04
-9.932813114924816597e-03
-2.988750489006746750e-04
-3.883155334777384639e-04
-1.050874413278912023e-04
1.489997703947889629e-03
9.679003250853760983e-04
1.132371515484534253e-03
1.540581032209419011e-03
-1.024152550198710934e-04
9.460585832784266982e-04
1.400218311232792959e-03
