-9.565319273743559583e-04
-1.653218794614798629e-04
-2.501534431964257143e-04
2.395693664197209231e-04
-1.372808910238089214e-04
5.186067213428168735e-04
3.070281440920827635e-04
-2.883333950233022552e-04
-1.424816563417999945e-04
5.905949483257389462e-08
2.062353365395707674e-04
9.591825623525989525e-03
3.087904839328126998e-06
-1.540329267450359552e-04
9.763117159035461859e-03
-2.040254898972447724e-04
-9.455397604382799817e-03
5.951405447908922867e-05
-1.884829967747088766e-05
4.780294873542413950e-05
-8.468123209428873204e-05
-1.001540104435437797e-02
6.876152107524815019e-05
1.424128628567516661e-06
3.751586524831302988e-04
-1.726701333087946521e-04
-6.136026644149381992e-04
8.866434398608983572e-04
-1.971425523671194960e-04
3.569709554542711675e-04
-4.803639280786690187e-04
3.456564321126643475e-04
