1.919966959092063961e-04
-2.060763570693394521e-04
-2.783480014203337251e-04
-3.242675877986518379e-05
-3.641795218363464977e-04
-7.622683716554646237e-04
-2.402725828670667789e-05
-3.291268768709693961e-04
-5.300737477111354574e-05
1.150931442839841107e-04
-7.166822955395699829e-04
9.652500711736358707e-03
1.754136743471103134e-05
-9.642674233462828501e-05
9.890897881037162553e-03
6.898643110236226490e-04
-9.498513760996904476e-03
-1.036241925620450541e-03
-4.106446448156052388e-06
2.611782175989925072e-05
9.624823793388509853e-04
-1.001110473523156991e-02
3.726541622620112548e-05
8.232071019795666176e-05
3.778198743589694051e-05
-3.124853808462505736e-04
-4.986114246572737963e-04
7.427241910834353695e-04
-3.774964522442878683e-04
-1.806555085411732942e-05
-2.347252477525405153e-04
-5.758459719817282717e-05
