9.641435774524051427e-02
5.115047583299203032e-02
4.315254083054646111e-02
2.597262932769298094e-02
4.304836419894693400e-02
9.654450717927545722e-02
2.600890670405648156e-02
4.313635554394791571e-02
2.997369069297796396e-02
3.730850791038756165e-02
4.688321892006701297e-02
1.694866027698261821e-02
3.730964194311250925e-02
2.994562752096012123e-02
1.663407521257112207e-02
4.681213796206556282e-02
1.687313156551293464e-02
4.733039249523593450e-02
3.716546878481742644e-02
3.924151813616610918e-02
4.710989905738581507e-02
1.682729160655347528e-02
3.913185735094307921e-02
3.719835874520339286e-02
2.592640472099898633e-02
4.994602956330154025e-02
5.014077238944596865e-02
9.664854793152528878e-02
4.985667586179791388e-02
2.586954376888078375e-02
9.597522292129802290e-02
4.424837522018323227e-02
