9.702367183388796446e-02
5.207569790255334174e-02
4.279378043207540672e-02
2.622633929690771845e-02
4.309069638452298068e-02
9.814984573399386514e-02
2.624296614145381693e-02
4.272537742304548247e-02
3.012421061865173944e-02
3.754006234637227019e-02
4.677293739492667524e-02
1.716640455841857843e-02
3.743884893836624261e-02
3.006759971720646477e-02
1.725770170779018439e-02
4.666178699816854458e-02
1.712182486801876527e-02
4.724856367824441239e-02
3.745540651334382243e-02
3.936022163588792644e-02
4.705599941510103801e-02
1.727269451157471825e-02
3.932053090871093920e-02
3.746652665755662720e-02
2.614854405470801169e-02
4.968334810443060523e-02
5.089041455635541500e-02
9.822176770852893146e-02
4.968727889642140377e-02
2.605055226964099815e-02
9.723556708306951846e-02
4.448968191872988004e-02
