-1.035497248146580998e-03
6.488755622555029360e-04
2.212490389422787319e-04
-4.635242206784545029e-04
2.431010592692718522e-05
-6.085158969396869217e-04
-4.316512548237145565e-04
2.588555425070720897e-04
-7.896179988341954538e-06
-1.807456003080879392e-04
2.424906173871013942e-04
9.265818836213739196e-03
-1.467577372736897357e-04
-1.322874301721144711e-05
1.027808457033442709e-02
-1.982356787553876990e-04
-9.786953328386697321e-03
5.691588143423851112e-05
-3.437936360603000853e-04
-8.411803240823689544e-07
1.805086108609191400e-05
-9.709797030823278871e-03
5.340165080594784511e-06
-1.930602497555481908e-04
-3.689499136746858575e-04
1.316997227381743352e-04
3.303979070268297439e-04
1.351819898949365014e-03
1.788842438487825599e-04
-3.899429300118712805e-04
3.120406799832550065e-04
3.249950339979497068e-04
