9.576328700636426968e-04
5.138650790453493274e-04
4.234980133034312900e-04
2.646164531395920000e-04
4.333092875413799153e-04
9.652081660706347344e-04
2.638852278899260040e-04
4.228046310289548240e-04
2.959288682572599701e-04
3.694651697110511754e-04
4.681044204539766508e-04
1.707483180269202001e-04
3.699140700091533640e-04
2.951919327409341723e-04
1.700260967010323420e-04
4.670938107250476642e-04
1.690931298871488223e-04
4.671115851520211103e-04
3.689153112054678499e-04
4.040179327859757977e-04
4.662705260621930674e-04
1.728112900748408117e-04
4.039837340169914596e-04
3.680548974299038107e-04
2.634573313776488812e-04
4.977767746091485380e-04
5.082614391163878687e-04
9.604037239723548034e-04
4.974868518429399365e-04
2.628614345858725811e-04
9.598886328638988686e-04
4.399399794175175510e-04
