9.626863095332748033e-02
5.155366291241716969e-02
4.263243784156257182e-02
2.619454854543392178e-02
4.302646073611273575e-02
9.756031152984115384e-02
2.608683595196649788e-02
4.257742749041003305e-02
3.037307182990093071e-02
3.773463055784022357e-02
4.632149360548598604e-02
1.700812257139438025e-02
3.779874620606908653e-02
3.032360937963874889e-02
1.691629318388190861e-02
4.625734251689993942e-02
1.698787999203961799e-02
4.638118931280954538e-02
3.777536975965290617e-02
3.937094559623777190e-02
4.634513863865697553e-02
1.699143153086057206e-02
3.935498426403757216e-02
3.771782424092616492e-02
2.609103457563753323e-02
5.024850211445462678e-02
5.065201843031288953e-02
9.666991131159935469e-02
5.021666925773996676e-02
2.600382762148208127e-02
9.737600741811032468e-02
4.410239857760584609e-02
