9.668002279996758264e-02
5.084174275703927381e-02
4.269243332847785788e-02
2.630433285842941754e-02
4.283869997358605297e-02
9.677025344852974165e-02
2.626287344967389789e-02
4.265379496026186490e-02
3.013320442155589113e-02
3.775345140132976146e-02
4.670851574815126916e-02
1.688275672512734929e-02
3.771201598085857642e-02
3.003155026232045763e-02
1.708764123962581635e-02
4.659624837551200327e-02
1.725172074478354203e-02
4.703078021198704717e-02
3.752947503802523538e-02
3.924306692838775562e-02
4.687884618424174171e-02
1.692215074692271157e-02
3.919096135836254435e-02
3.753874500232653316e-02
2.611573184787242125e-02
4.941456800771330815e-02
4.982072166883424330e-02
9.651922813793716027e-02
4.939225634139974425e-02
2.603925136276458163e-02
9.671821429309253315e-02
4.404888074395375136e-02
