9.634093070382478315e-04
5.156320369815919685e-04
4.333981427463440826e-04
2.602523564304671600e-04
4.316904100335655138e-04
9.630342974425702305e-04
2.606844606423005216e-04
4.325767877949100899e-04
3.065150802890830961e-04
3.746440946444086701e-04
4.697894951560325203e-04
1.685010140009768559e-04
3.750126481675530843e-04
3.051326239812246596e-04
1.651724918358974184e-04
4.702756017064883788e-04
1.662752672182653540e-04
4.686081152517400329e-04
3.752932696427677627e-04
3.957276791884596114e-04
4.673081767288943147e-04
1.671908541372896814e-04
3.953166446597086931e-04
3.747794842304104325e-04
2.593271047430774443e-04
4.942840368459131472e-04
5.048149727199445448e-04
9.660898587371223719e-04
4.941742888319610632e-04
2.593874527408759597e-04
9.612452001735204490e-04
4.453478812788115538e-04
