5.417672428705202093e-04
-1.794812277120026267e-04
1.175096771908058888e-04
2.137870991841117206e-04
-6.205266818956664933e-04
8.016886505478810262e-04
2.217818177902103566e-04
1.400120751761036104e-04
1.980323954230733309e-04
5.752928494000226827e-04
-3.632985252665792727e-04
9.841281147136147350e-03
5.696035244252695010e-04
1.972418319737330070e-04
9.611177325425447268e-03
4.268624825041666872e-04
-9.455493387460661356e-03
-1.240399229684522385e-05
5.211398668266604712e-04
1.183516235672204885e-04
1.180128481193157790e-04
-1.023513784408871391e-02
8.616843640281657236e-05
5.375096601806671117e-04
2.155376270346915507e-04
-2.352904837530243518e-04
-6.252730075145589367e-04
-8.476668807290049833e-04
-2.373175005075005620e-04
2.263309114520140519e-04
-5.201275402653464603e-04
-1.441608107724930631e-04
