9.771564094266120548e-02
5.185887167589459112e-02
4.285035406991474088e-02
2.663065193184011026e-02
4.305598648252777910e-02
9.745273159296184706e-02
2.665406377833860752e-02
4.282843496318754911e-02
3.066698844689197401e-02
3.717285462432094734e-02
4.681452076435984461e-02
1.669487902111660427e-02
3.704053983531287869e-02
3.065688597437402768e-02
1.664719953989798190e-02
4.662842721229457782e-02
1.686024849172495024e-02
4.702306122279528711e-02
3.708690538517125934e-02
3.880096683228726612e-02
4.684819932930856662e-02
1.649880437069662850e-02
3.866670262446803702e-02
3.699860527790053283e-02
2.661908358337325767e-02
4.910220603290667979e-02
5.044602125315202079e-02
9.789642552786403940e-02
4.909981529972898273e-02
2.655248411921409118e-02
9.757650114363684846e-02
4.461221367783647224e-02
