-5.084466328360236730e-04
9.253959526758937383e-05
5.339012932303456409e-04
-9.188183136385286523e-05
-3.362276392485045854e-04
-3.551749567084678573e-04
-8.619058830239738421e-05
5.414269190459398452e-04
2.412776692713599244e-05
-1.970087228628275469e-04
-4.364856187565419000e-04
9.517441393127224966e-03
-1.523925051800377223e-04
2.386134964977708553e-05
1.004854673776857041e-02
4.279823736924908881e-04
-9.640284971500516151e-03
-1.004218415707055015e-03
-2.042296268679036678e-04
-4.692948584036235019e-04
9.612348686272657568e-04
-9.999204255082784140e-03
-4.936692743529483111e-04
-2.530573648741477684e-04
-5.396165359000834833e-05
2.770438364632982946e-04
-3.460179611058770716e-04
6.996107613700694536e-04
2.969760655189676492e-04
-1.768511329226801713e-05
2.133546931948603900e-04
2.559167039927025874e-04
