9.721447526279805573e-02
5.141304504343316428e-02
4.290735147296801527e-02
2.627269067895311033e-02
4.308665145600341223e-02
9.680103789213166665e-02
2.629826858989679425e-02
4.281832567774784132e-02
3.027108805331662003e-02
3.751995766134827437e-02
4.675332180733546977e-02
1.710616850222668184e-02
3.743712074834317644e-02
3.021926640343852721e-02
1.693846020804387620e-02
4.678177851211444416e-02
1.696604134347070442e-02
4.692414634592762673e-02
3.738064043504336215e-02
3.916792750500042858e-02
4.685661069478445212e-02
1.699857945817058805e-02
3.908416838191584863e-02
3.734527857134286449e-02
2.620713272490898457e-02
4.962093328092568451e-02
5.040563365595000095e-02
9.681613830348574645e-02
4.963696192380172290e-02
2.614085519424686269e-02
9.675918845335608476e-02
4.416925785160955020e-02
