9.714915219226001901e-04
5.180110799892158509e-04
4.293265590762269392e-04
2.647744000777496392e-04
4.261284850159338927e-04
9.731686661702428336e-04
2.645286264162968032e-04
4.294989202029536580e-04
3.123383789381751130e-04
3.702011709813508378e-04
4.615764119926141240e-04
1.645312679909668888e-04
3.706015671451842481e-04
3.114417166757265515e-04
1.642856333134798277e-04
4.607781406542638559e-04
1.666504582146634630e-04
4.614172065683593048e-04
3.705749499491913911e-04
3.936859180574268013e-04
4.597041397358608643e-04
1.665351843373006767e-04
3.933929863378269557e-04
3.701059030966253357e-04
2.648212446141265256e-04
4.947305613535696138e-04
5.036090232034887409e-04
9.732391978864772617e-04
4.936144962067118627e-04
2.642800335186554998e-04
9.727452830062213339e-04
4.417887301805810169e-04
