-8.924259464918502492e-04
7.547314466758883560e-04
2.869998059495799361e-04
2.994351781395759209e-04
3.480226138947018063e-04
-1.720014063765995700e-03
2.424572421267939153e-04
3.484243495526183603e-04
-3.868656105628872396e-05
-1.670256224875421786e-04
-4.895504303043079737e-04
9.689971321153225889e-03
-1.861526202908104989e-04
-1.368637278777261815e-05
1.002988293063410315e-02
4.956902361301780387e-04
-9.656757817388826950e-03
-3.383244335322667081e-04
-1.583454337982311986e-04
-4.818912699166610686e-05
3.983232216324996398e-04
-9.963104655198673498e-03
-1.899409532688661411e-05
-1.293208832446096006e-04
2.535069278233102285e-04
1.357074318750803418e-04
2.117498631558153315e-04
1.570665793149374255e-03
1.833357379385736833e-04
3.639237865508864259e-04
1.034813852574720987e-03
7.817362750562376582e-04
