6.914549756639918558e-04
-2.339018357798744625e-04
-5.522158988740142271e-05
1.012096053490353566e-04
-6.567719475615790099e-04
1.440906757045678360e-03
2.668785619781039467e-05
-5.650699874012792364e-05
1.453406643319826144e-04
4.148553008488915734e-05
2.721416004639182207e-04
9.814596814610818121e-03
1.121161404215903934e-04
1.445337776203423790e-04
9.876704284222907401e-03
-2.788179709861423987e-04
-9.445371148180429013e-03
2.064501942437608638e-04
8.799588239627174663e-05
4.555532193003934715e-04
-2.910141934306363382e-04
-1.027989157366609660e-02
4.497641589525514373e-04
2.782324844998476193e-05
1.336452904853911380e-04
2.746004103055990739e-04
-6.449564586833793876e-04
-1.189778279432512778e-03
2.747531644958482342e-04
1.489914453959756998e-04
-8.793699348714175464e-04
-2.709059622185348805e-04
