9.742024907973327597e-02
5.210735261136583557e-02
4.196503157360398362e-02
2.731752932346720800e-02
4.289211187680475740e-02
9.732686326780583264e-02
2.719174414180472801e-02
4.189861858435286329e-02
3.148165314277887039e-02
3.640853690858937564e-02
4.665035647946044056e-02
1.630624879404151545e-02
3.632931244320170699e-02
3.141195706820749944e-02
1.612876338454499736e-02
4.666577443464333536e-02
1.625536913808693987e-02
4.694323703794181513e-02
3.629531376952354477e-02
3.936311951702374523e-02
4.702464445930746445e-02
1.640691893530669271e-02
3.933396129166982086e-02
3.631883127138516021e-02
2.712895979502728816e-02
4.806493770878549759e-02
5.059088714578519053e-02
9.827705206155992745e-02
4.797417481941802092e-02
2.716113453531586799e-02
9.629907182028593637e-02
4.455222303652530552e-02
