9.744420118314045141e-04
5.101464701783229834e-04
4.177518063518754132e-04
2.638909377561216387e-04
4.308105073053579361e-04
9.667300371896229722e-04
2.630564746265829463e-04
4.180080365382441506e-04
2.922473352845559604e-04
3.690514309638292536e-04
4.701364843336840117e-04
1.708285133613117511e-04
3.683464387209928301e-04
2.919190461418096332e-04
1.724776394545768365e-04
4.688919191220415855e-04
1.722386272655625303e-04
4.736380578511059799e-04
3.683772149899062218e-04
4.047429208673749570e-04
4.717676506209918675e-04
1.713215345599457555e-04
4.040286172234011479e-04
3.677004963411378336e-04
2.623563177499701549e-04
4.981097573182566600e-04
5.054800610920988195e-04
9.661651069769086175e-04
4.970533415133080975e-04
2.618885519393283315e-04
9.823040982835972226e-04
4.359642347894269435e-04
