9.711116588140422667e-02
5.078629630855018007e-02
4.247942716390330775e-02
2.621780356100012269e-02
4.253494067645596094e-02
9.741807091837118016e-02
2.617366393791725754e-02
4.244062426990192344e-02
3.012979602057298117e-02
3.755318410585795769e-02
4.671986312672211927e-02
1.707020988752060500e-02
3.744999754424523791e-02
3.008654678149975947e-02
1.720877648058784931e-02
4.678220298743836214e-02
1.719425084219163707e-02
4.717181265108219557e-02
3.747539506496706113e-02
3.996462332800401057e-02
4.707908076565160693e-02
1.699529854658203207e-02
3.988391805619727337e-02
3.746266922371661867e-02
2.613293051974822229e-02
5.128954586249837716e-02
4.984675068717068364e-02
9.704786070212684246e-02
5.120146239204558664e-02
2.605343130372540783e-02
9.711908347045096479e-02
4.371206721541681661e-02
