-1.050691221050641848e-04
3.090475397388513343e-04
-3.568268231380247843e-05
-3.707361383393986345e-05
-1.437959250392820999e-04
-1.552499625871487602e-04
-2.940901676611334489e-05
-3.182792275286641155e-05
-3.448894216676014272e-05
3.789851123642393773e-05
-2.518702391727958593e-05
9.623473529634402751e-03
3.674365028556802559e-05
-3.425784184905058790e-05
1.002967745706694058e-02
2.194647673607281874e-05
-9.624835343944405930e-03
-5.572772965043298955e-06
-1.490173020718238395e-05
8.741764950467075662e-05
-5.815149990454101873e-06
-1.002571063030326635e-02
9.652972773847535374e-05
-9.305998594653962916e-06
2.287957527249592207e-05
1.389666753973125375e-04
-1.593765110536138699e-04
1.325727018315363997e-04
1.326378719859412549e-04
5.769867543198238020e-06
1.308142114018162030e-04
3.214060329217590067e-04
