4.840770846210972595e-04
1.097496724847422641e-03
2.955270445471561841e-04
1.398435883016410544e-04
4.600101623746348511e-04
-3.291731337682141578e-04
2.278573189610924121e-04
3.378480599067364945e-04
-4.619807191507364300e-04
4.445649901401610448e-04
-5.066934915297721881e-04
9.734222135870601936e-03
4.437684392840199506e-04
-3.732724396892097510e-04
1.013487206337993808e-02
5.016058503657129779e-04
-9.665697868613260316e-03
-8.648311660871524278e-05
4.121872933538411670e-04
-4.796255978588320106e-04
5.631936553306856317e-05
-1.005467805172816607e-02
-6.146919560553939241e-04
4.772388061109245939e-04
2.252235941897655954e-04
-4.005547296951026412e-04
6.364515522708561173e-04
-3.185266603821644994e-04
-4.540772453892606654e-04
1.677742065100298440e-04
1.802768430718699859e-04
9.569189708657219792e-04
