9.758830207508852050e-02
5.143119566746135601e-02
4.302915910056499121e-02
2.649316672394386521e-02
4.255687150132608787e-02
9.653203455845785208e-02
2.645554077986387795e-02
4.292914696038061667e-02
3.058867852514849522e-02
3.761638947651047699e-02
4.627611922711784287e-02
1.670931949948446099e-02
3.764597541534825398e-02
3.055598639609031358e-02
1.657649760889367760e-02
4.629785854104835618e-02
1.671169145740069792e-02
4.647139479414318791e-02
3.759330104354426799e-02
3.932149637881069554e-02
4.643721644771751922e-02
1.675265172318861698e-02
3.926276252233599356e-02
3.765750916938493537e-02
2.644014066430288787e-02
4.994588625399834503e-02
5.012615296834928985e-02
9.746925654320687249e-02
4.981643454789339009e-02
2.635712695063650163e-02
9.643157565519600016e-02
4.404073982176699015e-02
