9.692790679425210493e-04
5.155523168696516789e-04
4.315509527305304814e-04
2.642885642590971302e-04
4.294323991947093973e-04
9.698375087239432656e-04
2.636315745427377779e-04
4.299096710965369232e-04
3.024766296227030232e-04
3.792661088055660759e-04
4.686677067333526979e-04
1.689175350702355510e-04
3.789728043525818712e-04
3.020387538521665332e-04
1.671691223592669225e-04
4.677275248161412587e-04
1.679108024742058023e-04
4.705960065117685467e-04
3.783162968852129887e-04
3.917109478676331536e-04
4.689160830289765378e-04
1.683235685403099450e-04
3.915803159290606240e-04
3.793030648829806583e-04
2.632494957412564356e-04
4.947665106459401370e-04
5.040080814647032725e-04
9.691637250355697670e-04
4.942852268907593424e-04
2.638445787702607247e-04
9.698103493679523061e-04
4.421360030460321053e-04
