9.727701357695833729e-04
5.181288001107204862e-04
4.163545512033739243e-04
2.712478558304700911e-04
4.326689524089963801e-04
9.777630562138566860e-04
2.707065804475622547e-04
4.167714362143856558e-04
3.224340952768951752e-04
3.626834430926836753e-04
4.573390802583161808e-04
1.601310363966490567e-04
3.619458032300549698e-04
3.224783249531834595e-04
1.610489748783018170e-04
4.564134550140758109e-04
1.628189029029146917e-04
4.620351871475333817e-04
3.624688449016560303e-04
3.998118266759860995e-04
4.592919283207734602e-04
1.616320463564886484e-04
3.999074498883698489e-04
3.619289790203773218e-04
2.710022478733424079e-04
4.839712680601879029e-04
5.059138328653933845e-04
9.761857384493184773e-04
4.832030453134235608e-04
2.709969979122064465e-04
9.761023108726310906e-04
4.463505221045559125e-04
