9.691210143926720384e-04
5.218007488761349302e-04
4.224161111084914961e-04
2.668026677993434498e-04
4.314091474428111638e-04
9.753398633547143062e-04
2.663035815776223928e-04
4.213730661891901480e-04
3.116914124486140072e-04
3.674733182004938370e-04
4.651049246783928669e-04
1.643212812900726023e-04
3.673017759496423210e-04
3.109294919124426276e-04
1.650336707958644422e-04
4.639665888063756278e-04
1.659443790171612253e-04
4.596015143911301340e-04
3.669958865857122403e-04
3.906832572669664784e-04
4.572370127237791021e-04
1.660801261988984541e-04
3.907279277511353029e-04
3.663776098254914611e-04
2.655233598226015498e-04
4.930320461970344979e-04
5.082638044940123237e-04
9.756549200081656315e-04
4.933770923931415616e-04
2.652286392808348141e-04
9.605091406638870209e-04
4.463720520090349382e-04
