9.721224619808667422e-02
5.146350585573289393e-02
4.273423156891104774e-02
2.586581123231008680e-02
4.305904748177651065e-02
9.711542360650571304e-02
2.583447973781557300e-02
4.274808654904058147e-02
3.021627778740183790e-02
3.745379760810278041e-02
4.735072965653382149e-02
1.704744041770677593e-02
3.736633478796766439e-02
3.011572603330459064e-02
1.693964570894145039e-02
4.736068641875133822e-02
1.696972237175584791e-02
4.681622395612046461e-02
3.745193439447442457e-02
3.881036933282602103e-02
4.679925846692521013e-02
1.713089257131143045e-02
3.870576174044822876e-02
3.736769150390147759e-02
2.575778457882383146e-02
4.993910110734434138e-02
5.020735146735838539e-02
9.734770461245607909e-02
4.988444658036267354e-02
2.568674120095167795e-02
9.629757195863793140e-02
4.444713018050632652e-02
