9.695683671047127016e-04
5.081717962988687191e-04
4.252141700959946743e-04
2.638807713639766271e-04
4.203988740373941057e-04
9.741564706835932315e-04
2.629052678458411734e-04
4.250497503692851425e-04
3.004749356898862595e-04
3.807598586040948771e-04
4.671330411153970584e-04
1.700920130629706513e-04
3.800066125207000206e-04
3.004826244037567544e-04
1.689162500651977361e-04
4.660181399938833572e-04
1.710095397978878278e-04
4.699724756655472395e-04
3.800800217420312235e-04
3.926799066147075687e-04
4.691738700326745148e-04
1.701178183730042487e-04
3.923296142655728863e-04
3.801937436906055413e-04
2.628567226985715111e-04
4.967276562020943743e-04
4.973846650829955333e-04
9.681862196560070367e-04
4.961010806517699703e-04
2.621338258565586010e-04
9.693051190456069806e-04
4.314793068641287459e-04
