-8.679172927857892704e-04
4.755393953425206309e-04
-3.936442843080121515e-04
-6.094023376469846895e-04
4.140252560947398910e-05
-2.172138727929168330e-04
-6.416300281796102510e-04
-4.017467502214153987e-04
6.032762978154471373e-04
-3.486416174528511754e-04
3.764542116502611439e-04
9.838271382496734802e-03
-3.922483983134598408e-04
5.735461080080500682e-04
1.007086451944559299e-02
-4.457149646059526175e-04
-9.514450122728177264e-03
4.958832804855274048e-04
-4.136493581758191734e-04
1.621577739736025875e-04
-5.507638751439169816e-04
-1.020946958054274288e-02
2.244477972391351289e-04
-4.383003582593680554e-04
-6.434038867682946106e-04
-9.816180099999614363e-04
9.913307979350849874e-05
4.042980200204553294e-04
-9.465118354538812383e-04
-6.792166771369972543e-04
6.812649494907113169e-04
4.470128878549298711e-04
