9.250793086775324116e-04
3.082696391912670940e-04
3.753506204876898094e-04
9.978697164374163067e-05
-4.207176639786404924e-04
3.453016411585130611e-04
6.902408291596106595e-05
4.186162809522175638e-04
-1.867026533158033818e-04
-2.614634728819061998e-05
-1.440165811228095527e-04
9.358218188255702438e-03
-1.435802597609856478e-05
-1.690857108726672613e-04
1.021353419157363697e-02
9.815496162881005122e-05
-9.729227310274354834e-03
-1.658501029044716390e-04
-2.370665963846809145e-05
1.877597426719392623e-04
9.494206037219796352e-05
-9.948512199721775209e-03
1.802911523227785078e-04
-5.691813222538642157e-05
1.722476009163980955e-04
7.912280935783275355e-04
-2.009516324185375629e-04
-2.088417703445975479e-04
8.095610985885226367e-04
1.694520060026788260e-04
-9.902154598216128794e-04
6.626131611489662347e-05
