9.680739396201104097e-04
5.191960030355612576e-04
4.034821123913689815e-04
2.913394107507773548e-04
4.256463716976996480e-04
9.848938453540278040e-04
2.903222453649161863e-04
4.033495870687084286e-04
3.385373997966936634e-04
3.470350875934672427e-04
4.616511410099575509e-04
1.578256655610404990e-04
3.463048227405614125e-04
3.384807290598190244e-04
1.548325694370931386e-04
4.611417026708291645e-04
1.548968306301699404e-04
4.562658149943996273e-04
3.457079528305589760e-04
4.116016285958186177e-04
4.550356625905815867e-04
1.584919833549103827e-04
4.113802852725732860e-04
3.456576556985879018e-04
2.894930128115334516e-04
4.663244584220695675e-04
5.063025037515925557e-04
9.684826177632331482e-04
4.659730825387957366e-04
2.893333377040509377e-04
9.775017786915174943e-04
4.422550971472047907e-04
