9.719884920904909870e-04
5.161147922297209785e-04
4.202694582090454379e-04
2.733782668777365006e-04
4.225310888377016507e-04
9.741508670029115375e-04
2.735385813183638165e-04
4.186783781368046565e-04
3.216569475271814161e-04
3.594205265900956366e-04
4.621588280719978012e-04
1.647744855639893171e-04
3.594163539147235257e-04
3.216472475596402055e-04
1.634015796744486902e-04
4.609129911757663622e-04
1.640467850735826620e-04
4.631368064023810740e-04
3.594732433005944799e-04
3.997324737100915260e-04
4.622992994604191355e-04
1.633884612731312518e-04
3.989659681630995896e-04
3.599040490180320669e-04
2.730411763202803877e-04
4.814454299034119644e-04
5.007345350353609257e-04
9.673093035290966776e-04
4.810843432830480418e-04
2.723742270264722519e-04
9.754647260256976747e-04
4.398029510559637342e-04
