9.859454900260357368e-02
5.156310872550147473e-02
4.151326650119377404e-02
2.753209306942253423e-02
4.285967615183302465e-02
9.767403235266501615e-02
2.753611314716033001e-02
4.145844893483598137e-02
3.229105668486157571e-02
3.589507231049686442e-02
4.603716965337648764e-02
1.592167645616575714e-02
3.585279357206466733e-02
3.220451120317203292e-02
1.617286077834149266e-02
4.589282253313160809e-02
1.610462959536781979e-02
4.701768917171179896e-02
3.584597389089607539e-02
4.030862093141673180e-02
4.678078754236742604e-02
1.587304563250465164e-02
4.025243271743559476e-02
3.577003062585829701e-02
2.741784004631126273e-02
4.762562444815391510e-02
5.059216546059647907e-02
9.831172624110615099e-02
4.764236199982416209e-02
2.741652401046463378e-02
9.800129388623476934e-02
4.417080254094841313e-02
