9.036736970325870508e-04
4.155755883057728629e-04
-4.396423279080804254e-04
2.041528977819683486e-04
-2.045140719357273272e-04
-1.014694621995756643e-04
2.592228028822551249e-04
-4.219213397513225765e-04
5.298171471692222564e-04
-2.272798071901291535e-04
-7.414476594108010594e-06
9.681232227807864271e-03
-2.651400579849910754e-04
5.491500223208196571e-04
1.005886676630227475e-02
-9.366933652655151253e-05
-9.725130421366436767e-03
9.476421342136830865e-04
-2.248726887924168318e-04
4.318697865444766663e-04
-1.040111199889567602e-03
-9.963880449953560134e-03
3.312054167440413462e-04
-2.644142417176091782e-04
2.182910311981101634e-04
-4.735906601106578914e-04
-1.643727705088146877e-04
-2.344648644301509238e-04
-5.009709800216379481e-04
2.691583002487194691e-04
-6.008716174123580021e-04
2.085703934684913130e-04
