9.826482118710721473e-04
5.048625179153751023e-04
4.164047606921989484e-04
2.671630531651752820e-04
4.263602149541543336e-04
9.715786222910079628e-04
2.662426954375040006e-04
4.159340329388846579e-04
2.919610963643001983e-04
3.693173159351976825e-04
4.740229502913379661e-04
1.704357061541378262e-04
3.677277015881067141e-04
2.910426375931319740e-04
1.708386073116569979e-04
4.708143757199578674e-04
1.719998669809237298e-04
4.699209059052254821e-04
3.692571483858473431e-04
4.037533405775670927e-04
4.682128454060520981e-04
1.714971724234852133e-04
4.036431751494183769e-04
3.684677360330521957e-04
2.664839462109610136e-04
5.037696011894601334e-04
4.985173661640296232e-04
9.757736629657702641e-04
5.045805364883679690e-04
2.661386408913389871e-04
9.732504438108724324e-04
4.315953467037506736e-04
