2.609117932328185781e-03
2.007796740267504040e-03
2.373400783039087466e-03
2.852624577058115486e-03
2.073566320541554014e-03
2.297723246448336778e-03
2.106011449005865122e-03
2.111659577729350576e-03
1.915168188949376623e-03
2.301396632375158572e-03
2.093116548965233414e-03
2.504380496460225855e-03
2.276515059481399195e-03
1.762756226825556907e-03
2.315963472947994012e-03
1.946327716498457219e-03
2.551714339533263116e-03
2.279836414700011672e-03
2.386574795365886681e-03
2.569114192102181764e-03
1.993693052580563108e-03
2.948564733798159695e-03
2.053257079569235487e-03
1.882575495025670242e-03
1.941085052628047916e-03
2.226797823686784555e-03
1.759808892099207949e-03
2.025827962929733356e-03
2.105048640552238844e-03
1.616255263547021264e-03
2.517127159496321612e-03
2.042635486203853330e-03
