4.810996394179710249e-03
3.083914669441059977e-03
3.633288291679380444e-03
2.799051262984066698e-03
3.177557071231852572e-03
4.062200325314319939e-03
3.122577753540542542e-03
2.932897792959704691e-03
2.580881693533822966e-03
2.787897460818351478e-03
2.913611185339716209e-03
2.605842833461302719e-03
2.392275381592463487e-03
2.850074215284911176e-03
3.463172495521137616e-03
2.882734357516456621e-03
3.431502595905957728e-03
3.476566012588787162e-03
2.862242568345809736e-03
2.928640197020231876e-03
3.399306621167811140e-03
3.525055690731186686e-03
2.877805140699356019e-03
3.161274521092473800e-03
2.812894931966528067e-03
2.983370400614955217e-03
3.619281249765245612e-03
4.160283824883707210e-03
3.060730616810252835e-03
2.775998018030479460e-03
4.957111745103329886e-03
3.079486966810819105e-03
