3.454912348907990477e-04
3.200203152436551977e-04
3.079782384788529691e-04
3.164563117992885981e-04
2.962304516731845052e-04
2.977394875585096141e-04
3.148043950388642676e-04
2.676709332852084101e-04
2.942319337110120949e-04
3.269367950731747797e-04
3.001139555754006724e-04
3.964452994333701242e-04
2.899466908116940002e-04
3.032418356235953220e-04
3.468475263345237162e-04
2.336079128915129947e-04
4.191286594191672766e-04
3.307306581999082049e-04
2.909270374415071580e-04
3.233063728263068119e-04
3.298783519184519822e-04
3.423344258977461261e-04
3.464030449075874247e-04
2.559822218046195691e-04
2.480124479929735927e-04
4.008450133102933396e-04
3.379232773419691706e-04
3.374723775913054014e-04
3.414713859075673330e-04
2.564428623097717735e-04
2.780347403613666972e-04
2.935488054529948577e-04
