1.211350523975673974e-03
7.622799768777385049e-03
1.246781220613772450e-03
-9.830317219202714882e-04
-7.284698667010935241e-03
-9.318599566386520801e-05
-6.816862487054167535e-04
1.077270808896592900e-03
-4.731766520959942925e-04
9.589637875945766473e-04
-4.427107209777961499e-04
6.776903458075426157e-01
4.922880091012014686e-04
-6.520535449559559981e-04
6.898922707475775296e-01
1.511916962674311987e-04
-6.771974019871188633e-01
1.090899893890149284e-04
-5.796661128477654775e-04
5.346104959712151669e-05
-4.976014179616675901e-05
-6.905178272796637096e-01
3.030807824132246550e-04
-5.517556400379109273e-04
2.504508665935756967e-04
-5.815886486029006250e-04
-7.989327090545117471e-03
-4.740001282950533209e-04
-4.628615129262294973e-04
5.408003714335756548e-04
-6.065364396415183620e-04
7.770091517671024774e-03
