4.563757490111808313e-01
3.577273110064366768e-01
3.249793929469703135e-01
3.012313501510545666e-01
3.231043661477744355e-01
4.330168489925958486e-01
2.784789166060887000e-01
3.005788945841460502e-01
2.772117837705206922e-01
3.104747000855622163e-01
3.370092371221952154e-01
3.558001158779134920e-01
2.917122829224489955e-01
2.557816099794004150e-01
3.383085545488435097e-01
3.112548352788195305e-01
3.729048069773872043e-01
3.547913603178623476e-01
3.189253772803183340e-01
3.106072317525764848e-01
3.241575944659663144e-01
3.527047409327530580e-01
2.874967370680341361e-01
2.969477631362107406e-01
2.743430684459300384e-01
3.218605997547357433e-01
3.385439473555702516e-01
4.431270223620596416e-01
3.022939055859353852e-01
2.546477740245005617e-01
4.242241079137735738e-01
3.086311534753100605e-01
