4.565388489910039982e-01
3.590382845855722982e-01
3.248312818008786129e-01
3.030909660266929984e-01
3.230320084830964333e-01
4.334766829476685568e-01
2.800281963370443439e-01
3.004149646058279499e-01
2.760769291308320383e-01
3.103583534398235422e-01
3.370298982167197477e-01
3.551860627724783837e-01
2.910353895016682957e-01
2.548499165346902462e-01
3.379035515298849379e-01
3.096139567871863951e-01
3.739020323506868082e-01
3.547004377038149303e-01
3.196692588265058754e-01
3.128649946534096671e-01
3.246954549845015858e-01
3.535385680142765219e-01
2.885598681060217441e-01
2.963758628033042464e-01
2.746655072869096936e-01
3.214842344457135570e-01
3.383585360945073894e-01
4.430742489243039706e-01
3.014635605043184396e-01
2.540177576576641005e-01
4.228544698045487160e-01
3.083170534652155959e-01
