5.953500675493491679e-04
5.181051552599462168e-04
4.561709880810979438e-04
3.689513019350410547e-04
4.866759521225993480e-04
6.177290848866208656e-04
3.765422017925493595e-04
4.272144155296728782e-04
3.892698281425450210e-04
5.281855591593517677e-04
5.111321819332115225e-04
4.884953416407023050e-04
3.933634530316750346e-04
2.907956037847996607e-04
5.404206582053947081e-04
3.875021868496358250e-04
5.394205746190197746e-04
4.880685433619524677e-04
4.123044141290021429e-04
4.378719151829537758e-04
4.318355748066839551e-04
6.118232601786636072e-04
4.502976989643565561e-04
4.275330380930325949e-04
3.735531693501581841e-04
4.604105893354982267e-04
4.628140799142913073e-04
6.262580859959604408e-04
3.507130302983678741e-04
3.582393696866522184e-04
6.203340941652034672e-04
3.978730153340377814e-04
