4.577862805280819569e-01
3.584104095034987281e-01
3.179053009972179211e-01
3.023064148941847495e-01
3.217276332368552705e-01
4.342993326404252508e-01
2.805423847276633520e-01
2.945796355929974353e-01
2.814265370952372947e-01
3.065946153663909879e-01
3.385930588968901200e-01
3.575602743472576783e-01
2.870253603778499807e-01
2.605489054771712443e-01
3.406611124704466143e-01
3.115840404633387628e-01
3.732113949873634984e-01
3.550463700034523495e-01
3.130385089556206313e-01
3.120838899491596985e-01
3.228151317320981928e-01
3.532818316072908749e-01
2.892155782520453577e-01
2.905164250897895317e-01
2.785286711286568684e-01
3.165277141892652857e-01
3.411822726540783002e-01
4.459495977843210834e-01
2.974553217023683249e-01
2.588313110058844679e-01
4.263372207241097334e-01
3.106154433450349917e-01
