5.977591780872130610e-04
5.132594293454535717e-04
4.284178189873437100e-04
3.924234195935728657e-04
4.556440624509810219e-04
6.273386858484830035e-04
3.179741838982717752e-04
4.613447555316512187e-04
4.563175181219800277e-04
4.013878842046015292e-04
5.170694651004662705e-04
5.065444914143607492e-04
2.932691438609370794e-04
3.351831794464172178e-04
4.409125487268910834e-04
4.305989633676026232e-04
4.581573998342614550e-04
4.894780421273096753e-04
4.329035537523977218e-04
4.215958948417678279e-04
4.643759573607376674e-04
4.632085597813482831e-04
4.126695339817544324e-04
3.282267842444278462e-04
3.183825184024733214e-04
4.760747867276667869e-04
4.212277213343124148e-04
6.136087680972733636e-04
4.202049710196606512e-04
3.885726527934055458e-04
5.943228115102673972e-04
4.343298871511131051e-04
