3.307568132350894880e-04
7.883830800379375281e-03
1.111731206471691007e-03
-5.356864161908453034e-04
-7.219262977950149408e-03
4.396748337326796750e-05
-4.808396954135060720e-04
1.574055437308018992e-03
4.301402313811412146e-04
1.131118676585827695e-03
-6.901824100345419237e-04
6.784466343093130680e-01
6.039795358915478647e-04
-1.820859152640669990e-04
6.904095057911472377e-01
-8.560518537301967058e-04
-6.773513011464018518e-01
-2.739125847792729814e-04
-1.241093504530580913e-03
-2.669250402660660313e-04
-2.440503722859561076e-05
-6.919336295684120897e-01
6.979314493117370639e-04
-1.556441102713804030e-03
1.768754340973640422e-04
-9.701690634279209026e-04
-6.467458087414034926e-03
-9.623090931628133522e-04
-5.868909042252472633e-04
4.728709248676679828e-04
-9.567177834848823812e-04
6.948561708451754526e-03
