2.784038282028155134e-03
2.218343776952932771e-03
2.691325718999540949e-03
2.055943550035627468e-03
1.612631422400043549e-03
2.258708194675522994e-03
2.051557359848475964e-03
2.065156850696294507e-03
2.490782764314592931e-03
2.071838041301702401e-03
2.446354522459196542e-03
2.992414945315250221e-03
1.817466092069139208e-03
2.056506256773434158e-03
2.709596988004582541e-03
2.088982683352938984e-03
2.763605106669308944e-03
2.183191303760884626e-03
2.314492971008312409e-03
2.509591636070035003e-03
2.555801596259144829e-03
2.365216373465087694e-03
2.534544393184891883e-03
2.514058897523905028e-03
2.088431633499109475e-03
2.565885018376794832e-03
2.124502053893957340e-03
2.702474608307783334e-03
2.458324935470549560e-03
1.921183316777164314e-03
2.524857057654183220e-03
1.723609206795773943e-03
