2.365379949801313039e-03
1.958025959838240963e-03
2.577677378222436883e-03
2.253385213386148271e-03
2.115246132557572871e-03
2.242509213739295963e-03
2.505687352204476019e-03
1.992512656497703091e-03
2.198596559574172733e-03
2.510481819011798656e-03
2.302647268309297203e-03
2.592745261639686077e-03
2.078103134768387403e-03
1.818265495645686285e-03
2.636687903819952879e-03
2.176897497186174295e-03
2.876793517616819517e-03
1.797471317825731583e-03
2.416682730079371816e-03
2.477698474133279913e-03
2.554990461634981582e-03
2.801611048722128187e-03
2.119296785810903441e-03
1.885724121520371971e-03
2.168996302321992819e-03
2.810765952712828992e-03
2.280921739824732716e-03
2.871389988383848957e-03
2.024420910920413617e-03
1.812559573467385386e-03
2.439535799339461863e-03
1.830622570518644328e-03
