4.574456123416499875e-01
3.594076826847908968e-01
3.179290909928845221e-01
3.028730618735852587e-01
3.212173134145970832e-01
4.341212774649240158e-01
2.813493152446571166e-01
2.940834966420228791e-01
2.818687299196926399e-01
3.060918369495700952e-01
3.388185826000132961e-01
3.576455292934739294e-01
2.867384523010197972e-01
2.610320455930761896e-01
3.412108401157668558e-01
3.116512207512375787e-01
3.727732546621603249e-01
3.545946879910193417e-01
3.127124944259395689e-01
3.127597809220959979e-01
3.228303783025336937e-01
3.532666655921479770e-01
2.897816331970419768e-01
2.908396087773575389e-01
2.790216187991804708e-01
3.167968224338835737e-01
3.412685884898942201e-01
4.451089180273938850e-01
2.972011331060431805e-01
2.595924072898823098e-01
4.265930909096949386e-01
3.106102553118279541e-01
