5.803161971313987614e-04
4.618297224876532808e-04
4.858401782079982954e-04
4.617283265867442557e-04
3.825077573115337709e-04
4.834192156193948577e-04
4.364298485333455353e-04
4.420668586227075665e-04
4.504798264468890543e-04
4.157914136472170554e-04
4.913179581404521906e-04
5.313416998684312824e-04
3.921903308797730137e-04
3.946442628776912790e-04
4.231473737664870186e-04
4.032935114723856470e-04
5.588786580637880976e-04
4.385750292634076910e-04
4.361480652945151008e-04
4.831829884463325112e-04
5.190530884943462967e-04
4.244442387018522878e-04
3.989849903635356602e-04
3.094110322774169006e-04
3.577896530451262348e-04
5.210781839866310662e-04
4.058621544674604676e-04
5.479264468757093004e-04
4.929502595857662142e-04
3.116936847042014709e-04
5.216346662709383641e-04
4.465539096178388744e-04
