6.288513129330918069e-04
5.231546633252309644e-04
4.067355314762862405e-04
4.769518399609697914e-04
4.441440598897994948e-04
5.346542742672328067e-04
3.578209269777887585e-04
4.727091127118958369e-04
4.886869515220557039e-04
4.356515261689958046e-04
3.885633581603000018e-04
5.274776353614370108e-04
4.036051348151651307e-04
4.010954763618835000e-04
4.844714610334229627e-04
4.188941462114057802e-04
5.028759616490946233e-04
5.097966774892444698e-04
3.713390569218628836e-04
3.782696645582530790e-04
5.264760395065464773e-04
4.486606996698724176e-04
4.505296578819315174e-04
4.559987984009155238e-04
4.063183573791938059e-04
4.838802251284893730e-04
5.131249485015981207e-04
6.340559928255056323e-04
4.073576594453145539e-04
3.750063279808884273e-04
5.854876131102921231e-04
4.712811325356818545e-04
