4.925076083945722355e-03
3.608738673119147450e-03
2.773908972029314086e-03
3.302173391535553806e-03
3.073433728039230012e-03
4.391669170222643227e-03
2.800057906871041696e-03
2.871398860680209660e-03
2.932238248644980245e-03
2.446018331551212156e-03
3.700406208794175360e-03
3.268154899816390346e-03
3.019750439249030676e-03
2.616889882335227731e-03
2.982146271627717903e-03
2.798791996741220069e-03
3.510935958528486368e-03
3.553433468696745850e-03
3.022117983429097651e-03
2.891126784882913376e-03
3.033483334245214852e-03
3.291635503423396072e-03
2.693227180588733064e-03
2.673535678958116179e-03
2.683210319244047973e-03
2.905019439954417953e-03
3.714663837591775878e-03
4.695548282594897045e-03
2.897483697168851038e-03
2.081435871635378861e-03
4.278126150022521466e-03
2.988815424716964424e-03
