6.317034689708247996e-04
5.178188914935599307e-04
4.337734973037489982e-04
4.448392250171639604e-04
4.831060256205887862e-04
6.060487960305719528e-04
4.201204622967946050e-04
4.309738720023243742e-04
3.481464331130467533e-04
4.267404900431757942e-04
4.437134022703824628e-04
4.414324697998659591e-04
4.201636752173322780e-04
3.191444879086186644e-04
4.854552450532646063e-04
4.062236542654615681e-04
5.411748426560824502e-04
4.760489703929538918e-04
3.772522885218214644e-04
3.387914450342544730e-04
4.545194592148638513e-04
5.406593043804992955e-04
3.737736867754656400e-04
4.931256241721349498e-04
4.375681558166244641e-04
3.733401999357011873e-04
4.284841794358277135e-04
6.354387354001437725e-04
3.138920297523552249e-04
3.153945234030640365e-04
5.904407371890862694e-04
4.404104657261240815e-04
