3.977559906961978912e-03
3.388707196050468311e-03
3.766946846949987757e-03
2.870750749292400733e-03
3.199930922549000436e-03
4.535369565697875728e-03
2.858487441259092467e-03
2.795422529179742658e-03
2.596076786836204377e-03
3.223175904872290810e-03
3.493749623798398339e-03
3.120825526060621961e-03
3.141827444492528102e-03
2.789094738559636834e-03
2.429965508323341829e-03
2.813819216151340705e-03
3.301754062215271190e-03
3.396593446167411878e-03
2.594781235410252920e-03
3.178680709541850322e-03
3.632245937721897185e-03
3.283997132163906860e-03
3.624800433344519627e-03
3.011726018178160526e-03
2.518473933569337526e-03
3.603057845565177560e-03
2.838130223353245093e-03
4.746311280180164245e-03
3.394503715204966535e-03
2.544112629915313770e-03
4.244507988933058501e-03
3.127876305373400098e-03
