4.574704289931479373e-01
3.596709081411436637e-01
3.233282136650325600e-01
3.038417276563549208e-01
3.245004932872229131e-01
4.348446338771849717e-01
2.807759838209730185e-01
2.983298179828137164e-01
2.756285940090268949e-01
3.082164122053317468e-01
3.372835415476530541e-01
3.554848574927930160e-01
2.884064160604397631e-01
2.534161886270779318e-01
3.374763702121301168e-01
3.100550401581223525e-01
3.741450154135587680e-01
3.563209168517106895e-01
3.181649704091759623e-01
3.133268327773867656e-01
3.260080460076652531e-01
3.545837578285823133e-01
2.895535623402412106e-01
2.947689571966524702e-01
2.740178790784956742e-01
3.194759744855386052e-01
3.389614865411427203e-01
4.431875758893858985e-01
2.994509332964395143e-01
2.530895002441216901e-01
4.229059609746345649e-01
3.073372958036224012e-01
