4.032603029762713183e-03
2.889783876335410423e-03
3.104753559480693571e-03
3.246510178104010467e-03
3.170726002277413514e-03
4.074617076392762771e-03
2.727874117914565189e-03
2.942708607960087264e-03
2.243209293570119518e-03
3.494047380392298948e-03
3.189438962700325876e-03
2.828190966538301609e-03
2.632502587592391950e-03
2.574300253322248447e-03
3.039010737938969021e-03
3.391920867437548098e-03
3.675185995238350149e-03
3.754412918342456273e-03
3.381783381799667587e-03
2.961893773851705970e-03
3.247425005897450461e-03
3.501992772211913983e-03
2.276960056233521060e-03
3.561924192315303606e-03
2.877516972985061545e-03
3.298273151223887149e-03
3.500388376829025126e-03
3.796233834996660776e-03
3.001211336807749815e-03
2.527021912157120190e-03
3.810420845117478729e-03
3.089473468131943932e-03
