4.567915963375359101e-01
3.588255635327295412e-01
3.237924859982988512e-01
3.036898170058116020e-01
3.244859167972674041e-01
4.342263730017633105e-01
2.803681884223686027e-01
2.988098036627921950e-01
2.762035582403644662e-01
3.095872256072716988e-01
3.367614270894804251e-01
3.553920267667684540e-01
2.899089607756207831e-01
2.546397128185871606e-01
3.378032960362757908e-01
3.089824605119738110e-01
3.740723933350716401e-01
3.557355808243308215e-01
3.183552221460639320e-01
3.134387184444505925e-01
3.254395324749777552e-01
3.536234874115980475e-01
2.894755731128708098e-01
2.951529025116780280e-01
2.744737177842659914e-01
3.206240860292051131e-01
3.385807887801955962e-01
4.428060746702862094e-01
3.007780117849698232e-01
2.532833171947538875e-01
4.233733560816497765e-01
3.077118168553166777e-01
