4.578236466632683022e-01
3.589647419950766638e-01
3.172917904219262342e-01
3.029369049277885195e-01
3.216816183594367051e-01
4.339395787585040298e-01
2.816238063824336169e-01
2.939220281533521106e-01
2.824708495500797278e-01
3.055871691323301942e-01
3.394455223992213777e-01
3.582294320485032713e-01
2.859725340846830388e-01
2.614861968515874713e-01
3.414941595407759434e-01
3.119312312364236894e-01
3.728837087985639176e-01
3.548649747814616173e-01
3.118417499870756449e-01
3.130638167291631135e-01
3.229423949687168505e-01
3.538143226063427127e-01
2.902763399158881374e-01
2.891799393217190373e-01
2.794306295470429524e-01
3.162006902672795383e-01
3.416567515225649720e-01
4.457203272147654549e-01
2.966338839092942936e-01
2.599077985427094561e-01
4.265101611913750257e-01
3.106850904542752811e-01
