4.563805212745510875e-01
3.579195705640761949e-01
3.238016846518045333e-01
3.004454425067331624e-01
3.222382304129225439e-01
4.332051702712022556e-01
2.774882361420257237e-01
2.997884030541973499e-01
2.776245355122978764e-01
3.101569689787360695e-01
3.372151540390789237e-01
3.563573996648866649e-01
2.911527127985881758e-01
2.570359656914860125e-01
3.393988930190900422e-01
3.117781160904520843e-01
3.718362443083972901e-01
3.544860017526902940e-01
3.180508743215205714e-01
3.089371613009162520e-01
3.233571389808025942e-01
3.529220068031669877e-01
2.864119098890277604e-01
2.960356154556904595e-01
2.759042252909253978e-01
3.216491720934082643e-01
3.394184749490815056e-01
4.440164329710437063e-01
3.026915001054677479e-01
2.554234302760922670e-01
4.245218652785004432e-01
3.100632598375536175e-01
