-4.163388893420250829e-04
7.920395666639622190e-03
1.617066245934378668e-03
-5.373210012677997766e-04
-7.819452907940815586e-03
-3.206817130031328143e-05
-4.310375570251436211e-04
1.135470096852902620e-03
2.275442156542043079e-04
2.782051364936340599e-04
-6.761405139623114999e-04
6.774815450995496091e-01
9.499246867577795447e-04
1.281755925132979591e-04
6.898480760589414951e-01
-2.252714006208494880e-04
-6.773233734355247337e-01
-8.007932353020974156e-04
-6.651726403202176457e-04
-3.651819644550026629e-05
-5.193750700118930999e-05
-6.903671704863764136e-01
-4.864051617173614827e-04
-1.110136286151114913e-04
1.246569422101099405e-03
-7.589559411739978546e-05
-7.386553587450204496e-03
4.475778310640891834e-04
-3.384328728787161945e-04
7.288718723233871032e-04
-5.173031175780020124e-04
8.554925554642062863e-03
