-6.805060268634859294e-04
8.491812421964707591e-03
1.871389535675245042e-03
-8.749246173465401134e-04
-7.210850459883788588e-03
-4.150323196978504612e-04
-5.239251177185603320e-04
1.001932085373382925e-03
9.816461159793539958e-05
2.949975226157515321e-04
-4.526429986434637884e-05
6.769393143299119453e-01
2.345225782129964462e-04
3.341779223250075019e-04
6.889103364271353946e-01
7.825646350219159350e-04
-6.761812134041764732e-01
-2.386003794604543769e-04
-4.378852409422345879e-04
9.288634388598851054e-05
4.027432045604811871e-04
-6.898359867051742089e-01
-4.093318524555660171e-04
-9.248798388354359870e-04
3.536464667581815796e-04
-4.035204987949558993e-04
-8.182457642603916878e-03
8.840401125714418594e-04
-6.459647087892336694e-05
3.698164470934507198e-04
4.226416440624439696e-04
7.621510869577668296e-03
