4.572362350367621397e-01
3.593317978506736510e-01
3.238766439087158999e-01
3.030682512143821339e-01
3.238520107778621315e-01
4.333889226155994145e-01
2.803489302714841092e-01
2.994944516264829715e-01
2.759124808802604356e-01
3.105739337032520919e-01
3.363533586926041874e-01
3.554366379756057071e-01
2.900985429895977519e-01
2.543985915170147161e-01
3.384680991432386099e-01
3.101996616851612210e-01
3.733008021602576831e-01
3.557879415412248392e-01
3.189536403028928047e-01
3.130463025250537767e-01
3.254724425280757227e-01
3.538073855250133404e-01
2.889922437412626444e-01
2.956285231267031799e-01
2.746730429674001939e-01
3.213048751184907070e-01
3.393144180183261804e-01
4.428259046132374532e-01
3.016014163632978473e-01
2.538232018503841503e-01
4.225856517116216016e-01
3.075607149175640376e-01
