-2.275675152260843426e-04
7.259398917914871088e-03
9.881338233582821415e-04
1.282622025605086762e-04
-7.768789138609361739e-03
1.103035784216607274e-03
-9.308233947043532963e-04
1.148246983465939447e-03
-3.559701206713007464e-04
1.813533142612510328e-03
7.409947153130866772e-04
6.771218899870177221e-01
1.994455468871264743e-03
-1.563047125046927103e-04
6.893352882899880241e-01
-1.046456342459578217e-04
-6.763441853634539758e-01
3.976203351926110852e-04
-3.301660197986471066e-04
-2.831131605290005586e-04
6.233978886686053456e-05
-6.905638608962486602e-01
-1.322383343355720755e-04
-1.250467009636302071e-04
9.358050187078990022e-04
-1.720270080695135775e-03
-8.458492468281966770e-03
-2.258221854512873906e-04
-6.543850378711127706e-04
9.467431092587448452e-04
-7.407333181521387868e-04
7.340145289370358581e-03
