2.528624070063030613e-03
2.361753943087790877e-03
2.118717049951323889e-03
2.270916451990430320e-03
2.159161270614251647e-03
2.802755307878154484e-03
2.095911197443798505e-03
2.333691516022107140e-03
1.928750517352757115e-03
2.287015914233319572e-03
2.422994253084016780e-03
2.544559123480919990e-03
1.588039754672646280e-03
1.835344909045439872e-03
2.631269154752648512e-03
2.504986686933868140e-03
2.530920667462305783e-03
2.291081148756086809e-03
2.707701913262467244e-03
2.241018576608015244e-03
2.196725635694823237e-03
2.102986970874495213e-03
2.310496565352607602e-03
2.411039851975431414e-03
2.332487797210816300e-03
2.411240494841511775e-03
2.171975121946952136e-03
2.498552215122896731e-03
1.884143575842045937e-03
1.709262721560725253e-03
2.622706135996791775e-03
1.801276866083194187e-03
