5.652766273752137102e-04
5.145854564315738722e-04
4.451453127557936291e-04
4.128823248154964891e-04
4.543275945189797029e-04
6.004295371533441370e-04
3.702785014084559686e-04
4.018503186653862706e-04
3.958589003720275486e-04
4.796284421028617620e-04
4.219857264328445885e-04
4.940788051405255480e-04
4.583264569429191604e-04
3.531365290703681790e-04
4.566244153059210932e-04
4.094351573952171252e-04
5.100684912920150143e-04
4.178744679265776300e-04
4.688113541535206589e-04
4.315395797783351940e-04
5.073239539976020064e-04
5.275009952779599566e-04
4.031701797405558307e-04
4.071063396499636057e-04
4.038144799151386689e-04
4.967235185422432366e-04
4.796853925027685537e-04
5.964682462256681731e-04
4.465535890729017098e-04
3.587912056832786374e-04
5.899092917516177712e-04
4.289808061642649308e-04
