-4.428582960377869704e-04
8.902054251318521072e-03
1.117382695073000556e-03
-4.202485012256884146e-04
-6.988502588074450850e-03
-6.965238636040520999e-06
-1.037237169882495973e-03
6.427624492220315993e-04
4.127977304727775470e-04
2.660753039283959083e-04
5.718225187656187205e-04
6.780930067130028771e-01
1.278528863360020920e-04
-4.266602807763804827e-05
6.896368810709284647e-01
-3.052200704666687770e-04
-6.762487988570238251e-01
-1.286385954344518474e-03
2.859318163948239332e-04
8.864065908128958499e-04
6.838104497265376947e-05
-6.907330977102432712e-01
9.117080850308124755e-04
-9.672460026878466378e-04
-3.399693476443016622e-04
-1.615994935070228433e-03
-7.453699703579433691e-03
7.080149046171717265e-04
-1.157394453887354959e-03
1.506549881414652242e-03
-4.583243155660532398e-04
8.074394375337773377e-03
