3.766261823459393144e-04
3.325183206985129016e-04
3.171657014108970863e-04
3.140083895598394710e-04
3.154816114626189248e-04
3.138470720908074639e-04
3.753863919827185960e-04
2.918668860378858566e-04
3.235214234290969149e-04
3.148711624692424743e-04
2.766475564943418012e-04
3.856841247129932037e-04
2.709501022346040284e-04
2.458687549592000255e-04
3.292081493413625691e-04
3.069754778940233120e-04
4.216660357700189026e-04
3.190737623070528353e-04
2.976101816221593337e-04
3.386317398769107053e-04
3.127746840771618709e-04
4.121274222309533053e-04
2.988843636414612558e-04
2.809424303514466525e-04
3.140417284257254293e-04
3.085997368846060728e-04
3.171214817952198377e-04
3.311820397997285777e-04
3.308202240168491319e-04
2.526218975779619537e-04
3.610081366621537176e-04
2.299829849087325548e-04
