2.738437511299979168e-03
2.453840507050430823e-03
2.526182507739819453e-03
2.517049219023037056e-03
2.173485021153296302e-03
2.579094872592357836e-03
2.236179672187121100e-03
2.060280340108529284e-03
1.828786890268400446e-03
2.050268040032428817e-03
2.188390646467630422e-03
2.799852348397344204e-03
2.367527749484630521e-03
1.893031228405574282e-03
2.971898612720022450e-03
2.299445908023099640e-03
2.975042553785858541e-03
2.244291386705617869e-03
2.793240518503646054e-03
2.767943782291510356e-03
2.141737690569215421e-03
2.273109505239801972e-03
2.194925181308789511e-03
2.263055365835053585e-03
2.113505108044450020e-03
2.733848469894025260e-03
1.879119263739595109e-03
2.763444788127279467e-03
2.308189621126403336e-03
1.741552500928972725e-03
2.344029465593442350e-03
1.913124505534942454e-03
