2.678108598237600741e-03
2.483973214714787613e-03
2.586334709932366395e-03
2.303945043783246945e-03
2.261291747796451406e-03
2.594623579397594033e-03
1.973261829202069446e-03
2.602981593297457909e-03
2.106287181741672149e-03
2.298433014194752478e-03
2.340299210793883328e-03
2.858663194751675293e-03
1.557081997957796785e-03
1.821144373573760486e-03
3.004277447238920019e-03
2.480629654589418514e-03
3.332169479477328777e-03
2.211186472757778639e-03
2.467833932510573106e-03
2.285711618236705486e-03
2.074060665270244241e-03
2.830267301447019716e-03
2.016588343441995911e-03
2.377411831953986452e-03
2.161063868731242284e-03
2.500850886840710451e-03
2.350370737755898970e-03
2.526216250889237302e-03
2.121090242088247840e-03
1.936024163737774806e-03
2.262788387459723546e-03
1.961447921069120557e-03
