8.359957063067863540e-04
7.049784653716436580e-04
3.423255701947622146e-04
3.608070932363806283e-04
5.750542533907252590e-04
1.076809931643320185e-03
3.441689978404840707e-04
3.795199657418022658e-04
4.046860237347862390e-04
4.321239174810234153e-04
7.970411680745556442e-04
2.315446334734593209e-04
4.332554997917845759e-04
3.780694537577983455e-04
1.921189236280998849e-04
7.957687424688403982e-04
2.057855530421468773e-04
8.150064612065296282e-04
4.310507185639057934e-04
4.302384337946160557e-04
7.588465059311318194e-04
2.338099813441747016e-04
4.547337976654151361e-04
4.125269207077619576e-04
3.226838223850316423e-04
4.871359271563617532e-04
7.204253072150603723e-04
1.001589798063507418e-03
4.380653202305553038e-04
3.367148658015676490e-04
1.114434513698404428e-03
5.363299957662270639e-04
