1.306217563848177492e-03
8.799492082294616555e-04
6.429963528460206929e-04
4.965373955525939544e-04
7.882527334258179362e-04
1.051289420398462742e-03
4.596166407130393579e-04
6.580690772558195302e-04
4.697887586399636839e-04
5.375906452907430483e-04
9.791006285318601312e-04
2.415467569503842440e-04
5.555978579286174847e-04
4.425663618207891815e-04
2.692783476708061180e-04
1.006560799467640620e-03
3.191067958689693508e-04
1.088713627375099621e-03
5.548198909930008573e-04
5.661597372286710124e-04
1.112922753831650877e-03
2.382151475937745318e-04
5.761082010614573942e-04
5.582629492205826854e-04
4.918328168637035131e-04
7.535471505299110462e-04
9.021383807419264050e-04
1.069686538514627236e-03
7.228198348229716895e-04
4.681854512841479945e-04
1.356378183814864686e-03
8.497981256431054280e-04
