-6.880712549785684695e-01
-5.161579138265496398e-04
1.254171167870322024e-04
4.791495325796684118e-04
-3.297836784150901608e-04
6.164096478837368938e-05
5.062617674249530499e-04
6.879953981536113261e-01
-6.618357907610958671e-05
-4.629012829926637995e-04
-6.880257372892744083e-01
-3.765049698118200423e-04
-3.817292826292851323e-04
-6.880199937710957947e-01
-4.234443879750518047e-04
8.950923867702574444e-06
-6.882018978381667651e-01
-3.891019757930256327e-04
2.824212186126478735e-05
-4.814941433660881068e-04
-4.405349309219928336e-04
-6.963326419035090997e-06
-3.426546461774949374e-04
-6.877872567940118698e-01
9.945045215309533833e-05
-5.205940448957169014e-04
6.880049475924759905e-01
5.109604312499210549e-04
-4.864568536236543663e-04
-6.877007953604415968e-01
3.354883590237531070e-04
-4.547573274657670643e-05
