1.480501460645969889e-04
9.489133063533400890e-05
1.391716974322124319e-04
8.338354299676213502e-05
7.281627412222650697e-05
1.752954885280364188e-04
1.005958191845363211e-04
1.075908250922205444e-04
1.337600855540761323e-04
6.950457965923257774e-05
1.275209451380108496e-04
8.537036852223340417e-05
9.304733511893143036e-05
1.230914374206665057e-04
5.984578967788828623e-05
1.793413015833098824e-04
1.537490208481138521e-04
8.783690362362753387e-05
1.673999760599314613e-04
7.132922506047460482e-05
6.010586905283796114e-05
1.558232804736288076e-04
9.468947926956845014e-05
1.113183928565690740e-04
1.576192233696197128e-04
8.509900033500289224e-05
1.306901315114213113e-04
9.101197745251153538e-05
9.636101328993677243e-05
1.280896270269066197e-04
7.439155758526523143e-05
1.521228213482867788e-04
