8.015814084034244636e-04
7.045005984037434887e-04
1.075806742928476665e-03
6.040978886741402978e-04
5.264670714239062582e-04
1.010833576201292669e-03
7.017573211459258347e-04
8.236684148629086228e-04
1.068379772603800541e-03
5.578352056811832545e-04
7.779284246262419336e-04
6.121926257191411154e-04
7.581467434130268997e-04
8.353138090446588122e-04
5.644114785901483203e-04
1.046194094015544989e-03
7.388457864645772916e-04
6.606513482431020535e-04
1.186029460385843066e-03
5.618465263530199403e-04
5.458958203677670082e-04
1.144958047068734283e-03
7.472752862148085169e-04
7.354409736117670194e-04
1.073011664209985857e-03
5.729092922225031666e-04
7.169052955054519170e-04
6.977066131906387589e-04
6.982209314607406170e-04
7.958412279681202238e-04
5.189618155266236292e-04
1.143301853599111746e-03
