8.255280893791245591e-05
6.905149409233283023e-05
1.216490368695537022e-04
5.242300256626034445e-05
5.735320939593444793e-05
1.058711908184833186e-04
6.563332945230575461e-05
8.039245103689705244e-05
1.248106053397229475e-04
5.435842624651059151e-05
7.259515134105453489e-05
6.501530280667188106e-05
6.150908793113528373e-05
9.498169309105480840e-05
6.038933905642262102e-05
1.047854146333342389e-04
8.240062853314185788e-05
6.691818068789675872e-05
1.077455625618389427e-04
5.780702518158554667e-05
6.130086375963511873e-05
1.119861171191724550e-04
6.745621053603714388e-05
8.094346564935982419e-05
1.104796603271161580e-04
4.571187139916365217e-05
7.192620902279108896e-05
7.145924764484803645e-05
7.098256031033359096e-05
9.605977226937547936e-05
6.064782498699103152e-05
1.096515208619894960e-04
