9.791977088099809614e-05
7.213363011769387148e-05
1.058998766797775300e-04
5.592200869163116612e-05
6.938687933086529994e-05
1.108422005834178430e-04
6.040425676028982098e-05
9.528765361040439049e-05
1.039986530061378809e-04
5.812949944838459893e-05
9.267330555555512673e-05
6.438596848297201570e-05
6.647140784107430193e-05
9.081553536311649951e-05
5.724702577854310080e-05
1.047033196778218830e-04
8.258408355730863563e-05
6.062600932599168511e-05
9.898201972510279906e-05
5.942486651935733802e-05
5.680915163147007979e-05
1.019142086939010686e-04
7.075126521709474662e-05
8.451464737501931165e-05
1.102188783435573182e-04
5.630531079472752957e-05
8.370872474310463314e-05
7.220695838071393381e-05
6.538894120586601696e-05
7.513913926127946950e-05
6.670426872842085363e-05
9.696799623706458583e-05
