1.191973748216120118e-04
8.333268974937735915e-05
6.188782399451764999e-05
4.765496236575422697e-05
7.936622560939356544e-05
1.203581738561251228e-04
4.758318633674029659e-05
6.041392368079691457e-05
5.803195048109227708e-05
6.280259128115604880e-05
1.036506592551571503e-04
3.851118687915967354e-05
5.976466546249175769e-05
5.873283953728970991e-05
3.946638993344746743e-05
1.030200931555437169e-04
3.499741269408364303e-05
1.083320775140143508e-04
6.484019515394336196e-05
5.578999536398915207e-05
1.073606686897109593e-04
3.195184658367429043e-05
5.546495096171437947e-05
5.887522587259792973e-05
5.279764433984405645e-05
7.655381561351663614e-05
8.052177223468519828e-05
1.209648667274124454e-04
7.400903816692322402e-05
5.197560664167043325e-05
1.458239614195450801e-04
7.941803250509094905e-05
