7.870267884534616685e-05
6.742299888157676953e-05
1.018275712662153619e-04
5.737362049952434199e-05
5.568872811765744108e-05
1.281292020349751950e-04
7.077147002348785387e-05
8.049987923754796490e-05
1.042499491049532506e-04
6.467936974441678745e-05
7.610604328062949345e-05
7.640784843061154870e-05
7.135259555207569017e-05
7.761720506799643703e-05
5.454408720149388093e-05
1.271729274934554866e-04
8.239861586797098017e-05
7.495358725027486920e-05
1.178490552423086416e-04
6.772519757636370969e-05
5.609787091568721901e-05
9.681602741716728057e-05
7.026730363175237354e-05
7.010582382177966802e-05
1.136112921492026234e-04
6.512966804138058845e-05
7.087906799504353880e-05
6.881795310440531042e-05
6.844446860891824098e-05
8.112197905102464413e-05
5.349116647718112088e-05
1.042196675838044661e-04
