6.923973400218679528e-04
5.100617900782351702e-04
7.488252092708981913e-04
3.954283156342544873e-04
4.906393290022754722e-04
7.837727167417425254e-04
4.271225956773428952e-04
6.737854603127175091e-04
7.353815277490681999e-04
4.110376324693242565e-04
6.552992279330598253e-04
4.552775492757283877e-04
4.700238323944028857e-04
6.421628089234638530e-04
4.047976013076892221e-04
7.403642735693073728e-04
5.839576550144939988e-04
4.286906231068759554e-04
6.999085736316079881e-04
4.201972608694300366e-04
4.017013635206731666e-04
7.206422806671844428e-04
5.002869941253561053e-04
5.976088026846600740e-04
7.793651629150449150e-04
3.981386707976795306e-04
5.919100691032742802e-04
5.105802991985763494e-04
4.623696374127632142e-04
5.313139490417106156e-04
4.716704075195614874e-04
6.856672769729999211e-04
