1.585558459479269181e-04
4.680897618795956368e-04
3.649681376524649130e-04
1.117451798236394130e-04
4.339707512816096168e-04
1.580606066950141744e-04
1.173014658721467077e-04
3.525456717121811640e-04
3.529609295180889997e-04
7.866521030148352310e-05
1.687271513627182026e-04
4.045839240680431390e-04
9.387457682069777650e-05
3.662929028841943255e-04
3.936305117571571154e-04
1.722941370515633497e-04
7.817620276476375165e-04
3.887609547280406418e-04
4.369041247391189397e-04
9.095282180361720131e-05
3.182817880039943157e-04
7.122625043695651748e-04
9.560244139505650219e-05
4.257917729344279042e-04
3.499065542321603086e-04
1.024390480489951885e-04
6.905960607980991123e-04
3.800565477976033208e-04
7.938913798631656816e-05
3.557344435906132090e-04
3.335872713777321245e-04
7.562845053390895552e-04
