2.408937723698491209e-04
6.027790097095148862e-04
5.459465499444146131e-04
1.247419784989750873e-04
7.012992254530024672e-04
2.649976777481944236e-04
1.457367121760737717e-04
5.365092433040043402e-04
5.355662489100170703e-04
9.975921574693182644e-05
2.130097219476990847e-04
5.750810092763020218e-04
1.079233725791804423e-04
5.404831252531324326e-04
6.050021871609165313e-04
2.266105363771465291e-04
1.009661281092707292e-03
6.048235690789370697e-04
7.068162093350314904e-04
1.015250202245658790e-04
5.014236028080444477e-04
9.335746114092786235e-04
1.010373955225079493e-04
7.089677808280007987e-04
5.106911619560138872e-04
1.142740978003247343e-04
9.537814720900686513e-04
6.180530664808815905e-04
9.873850824004480576e-05
5.092248081781933829e-04
5.172488853712986197e-04
1.063145934719062283e-03
